0.4360246658	1.0000886917	3.5032217503
1.4350819588	1.0001013279	3.5306758881
2.4351391792	1.0001081228	3.5453784466
3.4351963997	1.0001077652	3.5570611954
4.4352536201	1.0001038313	3.5670289993
5.4353108406	1.0001083612	3.5758264065
6.4353680611	1.0001122952	3.5837724209
7.4354252815	1.0001111031	3.5909848213
8.4354825020	1.0001045465	3.5976064205
9.4355397224	1.0001045465	3.6037497520
10.4355969429	1.0001105070	3.6094498634
11.4356541634	1.0001008511	3.6147260666
12.4357113838	1.0001101494	3.6196708679
13.4357686043	1.0001094341	3.6243062019
14.4358258247	1.0001071692	3.6286172867
15.4358830452	1.0001057386	3.6326563358
16.4359402657	1.0001077652	3.6364824772
17.4359974861	1.0001095533	3.6400713921
18.4350543022	1.0001122952	3.6434774399
19.4351115227	1.0001088381	3.6466970444
20.4351687431	1.0001072884	3.6497888565
21.4352259636	1.0001109838	3.6527376175
22.4352831841	1.0001021624	3.6555619240
23.4353404045	1.0001102686	3.6582891941
24.4353976250	1.0001008511	3.6609241962
25.4354548454	1.0001096725	3.6634733677
26.4355120659	1.0001103878	3.6659388542
27.4355692863	1.0001083612	3.6683378220
28.4356265068	1.0001052618	3.6706738472
29.4356837273	1.0001063347	3.6729502678
30.4357409477	1.0001112223	3.6751537323
31.4357981682	1.0001137257	3.6773455143
32.4358553886	1.0001115799	3.6794626713
33.4359126091	1.0001096725	3.6815369129
34.4359698296	1.0001064539	3.6835777760
35.4360270500	1.0001114607	3.6855657101
36.4350838661	1.0001133680	3.6875250340
37.4351410866	1.0001102686	3.6894526482
38.4351983070	1.0001072884	3.6913504601
39.4352555275	1.0001058578	3.6932065487
40.4353127480	1.0001143217	3.6950547695
41.4353699684	1.0001145601	3.6968436241
42.4354271889	1.0001149178	3.6986188889
43.4354844093	1.0001189709	3.7003626823
44.4355416298	1.0001170635	3.7020998001
45.4355988503	1.0001158714	3.7037873268
46.4356560707	1.0001091957	3.7054746151
47.4357132912	1.0001189709	3.7071325779
48.4357705116	1.0001106262	3.7087779045
49.4358277321	1.0001057386	3.7103772163
50.4358849525	1.0001097918	3.7119796276
51.4359421730	1.0001052618	3.7135515213
52.4359993935	1.0001109838	3.7151179314
53.4350566864	1.0001069307	3.7166488171
54.4351139069	1.0001047850	3.7181739807
55.4351711273	1.0001071692	3.7196576595
56.4352278709	1.0001122952	3.7211451530
57.4352850914	1.0001020432	3.7226138115
58.4353423119	1.0001066923	3.7240750790
59.4353995323	1.0001091957	3.7255139351
60.4354567528	1.0001097918	3.7269372940
61.4355139732	1.0001025200	3.7283315659
62.4355711937	1.0001130104	3.7297348976
63.4356284142	1.0001068115	3.7311062813
64.4356856346	1.0001109838	3.7324790955
65.4357428551	1.0001077652	3.7338273525
66.4358000755	1.0001122952	3.7351498604
67.4358572960	1.0001122952	3.7364699841
68.4359145164	1.0001046658	3.7377793789
69.4359717369	1.0001096725	3.7390658855
70.4350285530	1.0001144409	3.7403814793
71.4350862503	1.0001089573	3.7416412830
72.4351429939	1.0001088381	3.7428894043
73.4352006912	1.0001082420	3.7441360950
74.4352574348	1.0001102686	3.7453529835
75.4353146553	1.0001146793	3.7465972900
76.4353718758	1.0001070499	3.7478084564
77.4354290962	1.0001091957	3.7490093708
78.4354863167	1.0001115799	3.7502074242
79.4355435371	1.0001075268	3.7513685226
80.4356002808	1.0001122952	3.7525577545
81.4356579781	1.0001119375	3.7537102699
82.4357147217	1.0001070499	3.7548558712
83.4357724190	1.0001140833	3.7559883595
84.4358291626	1.0001127720	3.7571077347
85.4358868599	1.0001040697	3.7582089901
86.4359436035	1.0001132488	3.7593293190
87.4360013008	1.0001099110	3.7604088783
88.4350581169	1.0001085997	3.7614886761
89.4351153374	1.0001099110	3.7625701427
90.4351725578	1.0001089573	3.7636206150
91.4352297783	1.0001034737	3.7646777630
92.4352869987	1.0001126528	3.7657215595
93.4353442192	1.0001109838	3.7667491436
94.4354014397	1.0001105070	3.7677834034
95.4354586601	1.0001078844	3.7687916756
96.4355158806	1.0001083612	3.7698163986
97.4355731010	1.0001087189	3.7708024979
98.4356303215	1.0001121759	3.7717809677
99.4356870651	1.0001013279	3.7727546692
100.4357442856	1.0001065731	3.7737271786
101.4358015060	1.0001099110	3.7746996880
102.4358587265	1.0001013279	3.7756505013
103.4359159470	1.0001101494	3.7765972614
104.4359731674	1.0001006126	3.7775261402
105.4350304604	1.0001052618	3.7784442902
106.4350876808	1.0001044273	3.7793738842
107.4351449013	1.0001025200	3.7802906036
108.4352021217	1.0001102686	3.7811815739
109.4352593422	1.0001093149	3.7820694447
110.4353165627	1.0001064539	3.7829694748
111.4353737831	1.0001039505	3.7838339806
112.4354310036	1.0001065731	3.7846961021
113.4354882240	1.0001047850	3.7855811119
114.4355454445	1.0001044273	3.7864420414
115.4356026649	1.0001060963	3.7872996330
116.4356598854	1.0001049042	3.7881405354
117.4357171059	1.0001062155	3.7889869213
118.4357743263	1.0001101494	3.7898135185
119.4358310699	1.0001105070	3.7906310558
120.4358882904	1.0001122952	3.7914543152
121.4359455109	1.0001078844	3.7922565937
122.4360027313	1.0001085997	3.7930500507
123.4350600243	1.0001052618	3.7938516140
124.4351172447	1.0001053810	3.7946410179
125.4351744652	1.0001062155	3.7954115868
126.4352316856	1.0001114607	3.7961940765
127.4352889061	1.0001040697	3.7969775200
128.4353461266	1.0001075268	3.7977280617
129.4354033470	1.0001075268	3.7984964848
130.4354605675	1.0001107454	3.7992432117
131.4355177879	1.0001024008	3.7999906540
132.4355750084	1.0001069307	3.8007233143
133.4356322289	1.0001091957	3.8014690876
134.4356894493	1.0001075268	3.8022024632
135.4357466698	1.0001126528	3.8029265404
136.4358038902	1.0001066923	3.8036506176
137.4358611107	1.0001018047	3.8043792248
138.4359178543	1.0001078844	3.8050777912
139.4359750748	1.0001013279	3.8057920933
140.4350323677	1.0001047850	3.8064904213
141.4350895882	1.0001100302	3.8072021008
142.4351468086	1.0001056194	3.8078866005
143.4352040291	1.0001051426	3.8085772991
144.4352612495	1.0001101494	3.8092758656
145.4353184700	1.0001044273	3.8099400997
146.4353756905	1.0001075268	3.8106045723
147.4354329109	1.0001084805	3.8112792969
148.4354901314	1.0001025200	3.8119521141
149.4355473518	1.0001058578	3.8126270771
150.4356045723	1.0001039505	3.8132970333
151.4356617928	1.0001057386	3.8139522076
152.4357190132	1.0001097918	3.8146100044
153.4357762337	1.0001045465	3.8152630329
154.4358334541	1.0001112223	3.8159115314
155.4358906746	1.0001070499	3.8165483475
156.4359478951	1.0001094341	3.8171999454
157.4360051155	1.0001034737	3.8178255558
158.4350619316	1.0001145601	3.8184680939
159.4351191521	1.0001050234	3.8190879822
160.4351763725	1.0001120567	3.8197095394
161.4352335930	1.0001096725	3.8203434944
162.4352908134	1.0001100302	3.8209662437
163.4353480339	1.0001152754	3.8215858936
164.4354052544	1.0001127720	3.8222048283
165.4354624748	1.0001119375	3.8228187561
166.4355196953	1.0001147985	3.8234369755
167.4355769157	1.0001085997	3.8240330219
168.4356341362	1.0001140833	3.8246386051
169.4356913567	1.0001159906	3.8252401352
170.4357485771	1.0001108646	3.8258516788
171.4358057976	1.0001105070	3.8264508247
172.4358630180	1.0001153946	3.8270323277
173.4359202385	1.0001122952	3.8276433945
174.4359774590	1.0001083612	3.8282008171
175.4350342751	1.0001131296	3.8287920952
176.4350914955	1.0001151562	3.8293862343
177.4351487160	1.0001137257	3.8299674988
178.4352059364	1.0001177788	3.8305552006
179.4352631569	1.0001107454	3.8311107159
180.4353203773	1.0001146793	3.8316950798
181.4353775978	1.0001134872	3.8322570324
182.4354348183	1.0001165867	3.8328263760
183.4354920387	1.0001133680	3.8333995342
184.4355492592	1.0001097918	3.8339781761
185.4356064796	1.0001082420	3.8345296383
186.4356637001	1.0001131296	3.8350899220
187.4357209206	1.0001076460	3.8356571198
188.4357781410	1.0001056194	3.8362116814
189.4358353615	1.0001096725	3.8367807865
190.4358925819	1.0001070499	3.8373260498
191.4359498024	1.0001116991	3.8378858566
192.4360070229	1.0001091957	3.8384358883
193.4350638390	1.0001128912	3.8389840126
194.4351210594	1.0001108646	3.8395259380
195.4351782799	1.0001037121	3.8400692940
196.4352355003	1.0001112223	3.8406028748
197.4352927208	1.0001052618	3.8411514759
198.4353499413	1.0001056194	3.8416924477
199.4354066849	1.0001043081	3.8422291279
200.4354643822	1.0001059771	3.8427700996
201.4355211258	1.0001121759	3.8433160782
202.4355788231	1.0001064539	3.8438522816
203.4356355667	1.0001105070	3.8443679810
204.4356932640	1.0001115799	3.8448960781
205.4357500076	1.0001062155	3.8454134464
206.4358077049	1.0001170635	3.8459627628
207.4358644485	1.0001103878	3.8464815617
208.4359221458	1.0001096725	3.8470144272
209.4359788895	1.0001149178	3.8475475311
210.4350361824	1.0001153946	3.8480515480
211.4350934029	1.0001085997	3.8485836983
212.4351506233	1.0001138449	3.8490777016
213.4352078438	1.0001146793	3.8496072292
214.4352650642	1.0001093149	3.8501043320
215.4353222847	1.0001056194	3.8506054878
216.4353795052	1.0001118183	3.8511416912
217.4354367256	1.0001045465	3.8516395092
218.4354934692	1.0001143217	3.8521547318
219.4355506897	1.0001116991	3.8526613712
220.4356079102	1.0001113415	3.8531515598
221.4356651306	1.0001085997	3.8536655903
222.4357223511	1.0001121759	3.8541607857
223.4357795715	1.0001096725	3.8546495438
224.4358367920	1.0001114607	3.8551545143
225.4358940125	1.0001113415	3.8556489944
226.4359512329	1.0001097918	3.8561549187
227.4360084534	1.0001040697	3.8566517830
228.4350657463	1.0001119375	3.8571448326
229.4351229668	1.0001081228	3.8576400280
230.4351801872	1.0001102686	3.8581280708
231.4352374077	1.0001070499	3.8586192131
232.4352946281	1.0001071692	3.8591005802
233.4353518486	1.0001136065	3.8596019745
234.4354090691	1.0001133680	3.8600828648
235.4354662895	1.0001125336	3.8605666161
236.4355235100	1.0001091957	3.8610482216
237.4355802536	1.0001193285	3.8615360260
238.4356374741	1.0001121759	3.8620245457
239.4356946945	1.0001083612	3.8624904156
240.4357519150	1.0001196861	3.8629779816
241.4358091354	1.0001164675	3.8634457588
242.4358663559	1.0001062155	3.8639256954
243.4359235764	1.0001118183	3.8644001484
244.4359807968	1.0001124144	3.8648738861
245.4350380898	1.0001130104	3.8653409481
246.4350953102	1.0001120567	3.8658266068
247.4351525307	1.0001088381	3.8662648201
248.4352097511	1.0001122952	3.8667495251
249.4352669716	1.0001058578	3.8672220707
250.4353241920	1.0001105070	3.8676717281
251.4353814125	1.0001153946	3.8681445122
252.4354386330	1.0001130104	3.8686072826
253.4354958534	1.0001083612	3.8690724373
254.4355530739	1.0001093149	3.8695387840
255.4356102943	1.0001125336	3.8700065613
256.4356675148	1.0001090765	3.8704724312
257.4357242584	1.0001122952	3.8709220886
258.4357814789	1.0001077652	3.8713753223
259.4358386993	1.0001128912	3.8718333244
260.4358959198	1.0001122952	3.8723084927
261.4359531403	1.0001084805	3.8727402687
262.4360103607	1.0001114607	3.8731946945
263.4350676537	1.0001116991	3.8736383915
264.4351248741	1.0001087189	3.8741080761
265.4351820946	1.0001118183	3.8745286465
266.4352393150	1.0001176596	3.8749997616
267.4352965355	1.0001093149	3.8754520416
268.4353537560	1.0001111031	3.8758921623
269.4354109764	1.0001113415	3.8763308525
270.4354681969	1.0001100302	3.8767757416
271.4355254173	1.0001052618	3.8772168159
272.4355826378	1.0001127720	3.8776564598
273.4356398582	1.0001037121	3.8780934811
274.4356970787	1.0001095533	3.8785297871
275.4357542992	1.0001084805	3.8789856434
276.4358115196	1.0001096725	3.8794007301
277.4358682632	1.0001121759	3.8798570633
278.4359254837	1.0001013279	3.8802900314
279.4359827042	1.0001143217	3.8807332516
280.4350399971	1.0001155138	3.8811738491
281.4350972176	1.0001031160	3.8815927505
282.4351544380	1.0001140833	3.8820264339
283.4352116585	1.0001189709	3.8824794292
284.4352688789	1.0001130104	3.8828938007
285.4353260994	1.0001174212	3.8833339214
286.4353833199	1.0001096725	3.8837573528
287.4354405403	1.0001125336	3.8841743469
288.4354977608	1.0001063347	3.8846027851
289.4355549812	1.0001138449	3.8850274086
290.4356122017	1.0001076460	3.8854537010
291.4356694221	1.0001103878	3.8858573437
292.4357266426	1.0001058578	3.8862943649
293.4357838631	1.0001131296	3.8867089748
294.4358410835	1.0001140833	3.8871483803
295.4358983040	1.0001114607	3.8875558376
296.4359555244	1.0001193285	3.8879888058
297.4360122681	1.0001103878	3.8883962631
298.4350695610	1.0001107454	3.8888115883
299.4351267815	1.0001125336	3.8892252445
300.4351840019	1.0001115799	3.8896529675
301.4352412224	1.0001052618	3.8900408745
302.4352984428	1.0001109838	3.8904559612
303.4353556633	1.0001078844	3.8908765316
304.4354128838	1.0001050234	3.8912799358
305.4354701042	1.0001122952	3.8916828632
306.4355273247	1.0001128912	3.8920934200
307.4355845451	1.0001137257	3.8924970627
308.4356417656	1.0001095533	3.8929128647
309.4356989861	1.0001088381	3.8933207989
310.4357562065	1.0001103878	3.8937144279
311.4358134270	1.0001106262	3.8941185474
312.4358706474	1.0001077652	3.8945248127
313.4359278679	1.0001041889	3.8949325085
314.4359850883	1.0001070499	3.8953216076
315.4350419044	1.0001072884	3.8957216740
316.4350991249	1.0001078844	3.8961219788
317.4351563454	1.0001089573	3.8965163231
318.4352130890	1.0001065731	3.8969066143
319.4352707863	1.0001069307	3.8972914219
320.4353275299	1.0001105070	3.8976955414
321.4353852272	1.0001028776	3.8980891705
322.4354419708	1.0001065731	3.8984649181
323.4354996681	1.0001002550	3.8988509178
324.4355564117	1.0001038313	3.8992402554
325.4356141090	1.0001021624	3.8996295929
326.4356708527	1.0001008511	3.9000177383
327.4357285500	1.0001008511	3.9004039764
328.4357852936	1.0000965595	3.9007911682
329.4358429909	1.0001058578	3.9011845589
330.4358997345	1.0000976324	3.9015762806
331.4359574318	1.0000959635	3.9019362926
332.4360141754	1.0001037121	3.9023287296
333.4350714684	1.0001003742	3.9026970863
334.4351286888	1.0001013279	3.9030706882
335.4351859093	1.0000996590	3.9034569263
336.4352426529	1.0000982285	3.9038248062
337.4352998734	1.0001006126	3.9042091370
338.4353570938	1.0000993013	3.9045791626
339.4354143143	1.0001021624	3.9049522877
340.4354715347	1.0000994205	3.9053313732
341.4355287552	1.0001000166	3.9056987762
342.4355859756	1.0000988245	3.9060707092
343.4356431961	1.0001009703	3.9064373970
344.4357004166	1.0001039505	3.9068117142
345.4357576370	1.0000963211	3.9071888924
346.4358148575	1.0001062155	3.9075472355
347.4358720779	1.0000991821	3.9079077244
348.4359292984	1.0001034737	3.9082751274
349.4359865189	1.0001026392	3.9086542130
350.4350438118	1.0001102686	3.9090213776
351.4351010323	1.0001083612	3.9093472958
352.4351582527	1.0000985861	3.9097297192
353.4352154732	1.0001039505	3.9100930691
354.4352726936	1.0001016855	3.9104487896
355.4353299141	1.0001021624	3.9107935429
356.4353866577	1.0001103878	3.9111661911
357.4354438782	1.0000954866	3.9115178585
358.4355010986	1.0001025200	3.9118652344
359.4355583191	1.0000935793	3.9122285843
360.4356155396	1.0001029968	3.9125716686
361.4356727600	1.0000964403	3.9129507542
362.4357299805	1.0000946522	3.9132859707
363.4357872009	1.0001008511	3.9136552811
364.4358444214	1.0001020432	3.9139895439
365.4359016418	1.0001006126	3.9143233299
366.4359588623	1.0000926256	3.9146676064
367.4360160828	1.0001057386	3.9150402546
368.4350733757	1.0001018047	3.9153826237
369.4351305962	1.0000973940	3.9157314301
370.4351878166	1.0001083612	3.9160628319
371.4352450371	1.0001014471	3.9164288044
372.4353022575	1.0001010895	3.9167730808
373.4353594780	1.0001043081	3.9171237946
374.4354166985	1.0001003742	3.9174418449
375.4354739189	1.0001114607	3.9177796841
376.4355306625	1.0001057386	3.9181382656
377.4355878830	1.0001121759	3.9184768200
378.4356451035	1.0001063347	3.9187967777
379.4357023239	1.0001016855	3.9191536903
380.4357595444	1.0001114607	3.9194822311
381.4358167648	1.0001071692	3.9198236465
382.4358739853	1.0001120567	3.9201753139
383.4359312057	1.0001044273	3.9205102921
384.4359884262	1.0001090765	3.9208407402
385.4350457191	1.0001077652	3.9211726189
386.4351029396	1.0001027584	3.9214940071
387.4351601601	1.0001021624	3.9218454361
388.4352173805	1.0001001358	3.9221582413
389.4352746010	1.0001075268	3.9224991798
390.4353318214	1.0000973940	3.9228343964
391.4353890419	1.0001081228	3.9231505394
392.4354462624	1.0001070499	3.9234836102
393.4355034828	1.0001082420	3.9237964153
394.4355607033	1.0001035929	3.9241328239
395.4356179237	1.0001078844	3.9244613647
396.4356746674	1.0001070499	3.9247660637
397.4357318878	1.0000991821	3.9250948429
398.4357891083	1.0001066923	3.9254257679
399.4358463287	1.0001039505	3.9257414341
400.4359035492	1.0001078844	3.9260509014
401.4359607697	1.0001041889	3.9263656139
402.4360179901	1.0001013279	3.9266817570
403.4350752831	1.0001052618	3.9269943237
404.4351325035	1.0001020432	3.9273266792
405.4351897240	1.0001102686	3.9276416302
406.4352469444	1.0001031160	3.9279541969
407.4353041649	1.0001109838	3.9282732010
408.4353613853	1.0001053810	3.9285929203
409.4354186058	1.0001096725	3.9289097786
410.4354758263	1.0001063347	3.9292132854
411.4355330467	1.0001094341	3.9295406342
412.4355902672	1.0001012087	3.9298276901
413.4356474876	1.0001083612	3.9301457405
414.4357047081	1.0000995398	3.9304623604
415.4357619286	1.0001052618	3.9307699203
416.4358186722	1.0001009703	3.9310884476
417.4358758926	1.0001026392	3.9313771725
418.4359331131	1.0000989437	3.9316823483
419.4359903336	1.0001045465	3.9319953918
420.4350476265	1.0001012087	3.9322783947
421.4351048470	1.0000995398	3.9325821400
422.4351620674	1.0001063347	3.9328792095
423.4352192879	1.0001066923	3.9331719875
424.4352765083	1.0001057386	3.9334869385
425.4353337288	1.0001028776	3.9337725639
426.4353909492	1.0001097918	3.9340722561
427.4354481697	1.0001049042	3.9343516827
428.4355053902	1.0001043081	3.9346575737
429.4355626106	1.0001080036	3.9349443913
430.4356198311	1.0001039505	3.9352543354
431.4356770515	1.0001075268	3.9355301857
432.4357342720	1.0001008511	3.9358317852
433.4357914925	1.0001103878	3.9361217022
434.4358487129	1.0001041889	3.9364016056
435.4359054565	1.0001089573	3.9366896152
436.4359626770	1.0001003742	3.9369790554
437.4360198975	1.0001108646	3.9372479916
438.4350771904	1.0001062155	3.9375381470
439.4351339340	1.0001021624	3.9378318787
440.4351916313	1.0001088381	3.9381093979
441.4352483749	1.0001028776	3.9383740425
442.4353060722	1.0001089573	3.9386534691
443.4353628159	1.0001041889	3.9389431477
444.4354205132	1.0001064539	3.9392151833
445.4354772568	1.0001055002	3.9394905567
446.4355349541	1.0001107454	3.9397804737
447.4355916977	1.0001060963	3.9400391579
448.4356493950	1.0001071692	3.9403116703
449.4357061386	1.0001063347	3.9405817986
450.4357638359	1.0001057386	3.9408545494
451.4358205795	1.0001020432	3.9411270618
452.4358782768	1.0001088381	3.9413990974
453.4359350204	1.0001057386	3.9416441917
454.4359927177	1.0001039505	3.9419243336
455.4350490570	1.0001009703	3.9421806335
456.4351062775	1.0001032352	3.9424479008
457.4351634979	1.0001031160	3.9427042007
458.4352207184	1.0001034737	3.9429836273
459.4352779388	1.0000976324	3.9432482719
460.4353351593	1.0001022816	3.9435033798
461.4353923798	1.0001066923	3.9437737465
462.4354496002	1.0001065731	3.9440453053
463.4355068207	1.0001003742	3.9442963600
464.4355640411	1.0001001358	3.9445414543
465.4356212616	1.0001031160	3.9448142052
466.4356784821	1.0001087189	3.9450769424
467.4357357025	1.0001033545	3.9453411102
468.4357929230	1.0001051426	3.9455919266
469.4358501434	1.0001063347	3.9458432198
470.4359073639	1.0001012087	3.9460887909
471.4359645844	1.0001114607	3.9463596344
472.4360218048	1.0001045465	3.9466142654
473.4350790977	1.0000996590	3.9468648434
474.4351363182	1.0001045465	3.9471099377
475.4351930618	1.0001025200	3.9473557472
476.4352502823	1.0001059771	3.9475994110
477.4353075027	1.0000984669	3.9478449821
478.4353647232	1.0001137257	3.9481136799
479.4354219437	1.0001037121	3.9483582973
480.4354791641	1.0001026392	3.9485921860
481.4355363846	1.0000942945	3.9488563538
482.4355936050	1.0001060963	3.9491052628
483.4356508255	1.0001057386	3.9493608475
484.4357080460	1.0001100302	3.9496002197
485.4357652664	1.0001016855	3.9498524666
486.4358224869	1.0001140833	3.9501035213
487.4358797073	1.0001013279	3.9503448009
488.4359369278	1.0001038313	3.9506027699
489.4359941483	1.0001052618	3.9508438110
490.4350514412	1.0001131296	3.9510858059
491.4351086617	1.0001066923	3.9513216019
492.4351658821	1.0000985861	3.9515409470
493.4352231026	1.0001069307	3.9518053532
494.4352803230	1.0001034737	3.9520347118
495.4353370667	1.0001027584	3.9522874355
496.4353942871	1.0000998974	3.9525249004
497.4354515076	1.0001101494	3.9527783394
498.4355087280	1.0001057386	3.9530115128
499.4355659485	1.0001019239	3.9532454014
500.4356231689	1.0001065731	3.9534945488
501.4356803894	1.0000995398	3.9537363052
502.4357376099	1.0001039505	3.9539632797
503.4357948303	1.0000996590	3.9541983604
504.4358520508	1.0001101494	3.9544341564
505.4359092712	1.0001044273	3.9546818733
506.4359664917	1.0000994205	3.9549086094
507.4360237122	1.0001033545	3.9551506042
508.4350810051	1.0001021624	3.9553992748
509.4351382256	1.0001024008	3.9556248188
510.4351954460	1.0001063347	3.9558601379
511.4352526665	1.0001003742	3.9561057091
512.4353098869	1.0001062155	3.9563424587
513.4353671074	1.0001022816	3.9565684795
514.4354243279	1.0001044273	3.9567949772
515.4354810715	1.0001018047	3.9570348263
516.4355382919	1.0001040697	3.9572753906
517.4355955124	1.0000956059	3.9574935436
518.4356527328	1.0001039505	3.9577417374
519.4357099533	1.0001022816	3.9579651356
520.4357671738	1.0001058578	3.9582135677
521.4358243942	1.0001008511	3.9584159851
522.4358816147	1.0001095533	3.9586560726
523.4359388351	1.0001038313	3.9588813782
524.4359960556	1.0001087189	3.9591145515
525.4350533485	1.0001057386	3.9593477249
526.4351105690	1.0000997782	3.9595775604
527.4351677895	1.0001031160	3.9598071575
528.4352250099	1.0000998974	3.9600346088
529.4352822304	1.0001000166	3.9602644444
530.4353394508	1.0001004934	3.9604856968
531.4353966713	1.0001049042	3.9607274532
532.4354538918	1.0000982285	3.9609320164
533.4355111122	1.0001031160	3.9611809254
534.4355678558	1.0001020432	3.9614036083
535.4356250763	1.0001057386	3.9616227150
536.4356822968	1.0001018047	3.9618597031
537.4357395172	1.0001056194	3.9620852470
538.4357967377	1.0001050234	3.9623217583
539.4358539581	1.0001032352	3.9625294209
540.4359111786	1.0000981092	3.9627528191
541.4359683990	1.0001070499	3.9629855156
542.4360256195	1.0001046658	3.9632146358
543.4350829124	1.0001024008	3.9634354115
544.4351401329	1.0000983477	3.9636721611
545.4351973534	1.0001000166	3.9639005661
546.4352545738	1.0000988245	3.9641156197
547.4353117943	1.0001106262	3.9643387794
548.4353690147	1.0000973940	3.9645557404
549.4354262352	1.0001033545	3.9647812843
550.4354834557	1.0000978708	3.9650096893
551.4355406761	1.0001016855	3.9652421474
552.4355978966	1.0001044273	3.9654598236
553.4356551170	1.0001012087	3.9656817913
554.4357118607	1.0001009703	3.9658987522
555.4357690811	1.0001058578	3.9661269188
556.4358263016	1.0001024008	3.9663496017
557.4358835220	1.0001091957	3.9665842056
558.4359407425	1.0001064539	3.9667975903
559.4359979630	1.0001044273	3.9670300484
560.4350547791	1.0000960827	3.9672446251
561.4351124763	1.0001052618	3.9674725533
562.4351692200	1.0000983477	3.9676859379
563.4352269173	1.0001035929	3.9679238796
564.4352836609	1.0001035929	3.9681320190
565.4353413582	1.0000971556	3.9683442116
566.4353981018	1.0001018047	3.9685823917
567.4354557991	1.0000936985	3.9687778950
568.4355125427	1.0001024008	3.9690108299
569.4355702400	1.0000978708	3.9692420959
570.4356269836	1.0001075268	3.9694454670
571.4356846809	1.0000990629	3.9696795940
572.4357414246	1.0000946522	3.9699041843
573.4357991219	1.0001000166	3.9701209068
574.4358558655	1.0000978708	3.9703478813
575.4359130859	1.0000976324	3.9705650806
576.4359703064	1.0000969172	3.9707815647
577.4350271225	1.0000956059	3.9709892273
578.4350843430	1.0001008511	3.9712131023
579.4351415634	1.0001010895	3.9714338779
580.4351987839	1.0000970364	3.9716567993
581.4352560043	1.0000979900	3.9718775749
582.4353132248	1.0000970364	3.9720964432
583.4353704453	1.0000990629	3.9723320007
584.4354276657	1.0001016855	3.9725320339
585.4354848862	1.0000944138	3.9727644920
586.4355421066	1.0001000166	3.9729728699
587.4355993271	1.0000973940	3.9732120037
588.4356565475	1.0000987053	3.9734194279
589.4357137680	1.0000939369	3.9736566544
590.4357709885	1.0000983477	3.9738445282
591.4358282089	1.0000894070	3.9740722179
592.4358854294	1.0001012087	3.9742848873
593.4359426498	1.0000998974	3.9745235443
594.4359998703	1.0000926256	3.9747328758
595.4350566864	1.0000985861	3.9749517441
596.4351139069	1.0000951290	3.9751594067
597.4351711273	1.0001016855	3.9753890038
598.4352283478	1.0000919104	3.9756002426
599.4352855682	1.0000978708	3.9758152962
600.4353427887	1.0000967979	3.9760470390
601.4354000092	1.0000965595	3.9762632847
602.4354572296	1.0001007318	3.9764721394
603.4355144501	1.0000982285	3.9766793251
604.4355716705	1.0000994205	3.9768955708
605.4356288910	1.0001013279	3.9771313667
606.4356861115	1.0000979900	3.9773416519
607.4357433319	1.0001004934	3.9775569439
608.4358005524	1.0000958443	3.9777715206
609.4358577728	1.0001062155	3.9779984951
610.4359149933	1.0000982285	3.9782254696
611.4359722137	1.0000998974	3.9784295559
612.4350295067	1.0000963211	3.9786415100
613.4350867271	1.0001046658	3.9788675308
614.4351434708	1.0000950098	3.9790780544
615.4352006912	1.0000950098	3.9792945385
616.4352579117	1.0001003742	3.9795093536
617.4353151321	1.0000956059	3.9797103405
618.4353723526	1.0001013279	3.9799404144
619.4354295731	1.0000982285	3.9801471233
620.4354867935	1.0000995398	3.9803678989
621.4355440140	1.0000994205	3.9805877209
622.4356012344	1.0000953674	3.9807851315
623.4356584549	1.0001007318	3.9810092449
624.4357156754	1.0000981092	3.9812242985
625.4357728958	1.0000964403	3.9814465046
626.4358301163	1.0000929832	3.9816691875
627.4358873367	1.0001020432	3.9818844795
628.4359445572	1.0001007318	3.9821105003
629.4360017776	1.0000963211	3.9823129177
630.4350590706	1.0001047850	3.9825284481
631.4351162910	1.0000982285	3.9827518463
632.4351735115	1.0000979900	3.9829587936
633.4352302551	1.0000942945	3.9831717014
634.4352874756	1.0000977516	3.9833767414
635.4353446960	1.0000948906	3.9835968018
636.4354019165	1.0001013279	3.9838125706
637.4354591370	1.0000939369	3.9840168953
638.4355163574	1.0000971556	3.9842376709
639.4355735779	1.0001008511	3.9844536781
640.4356307983	1.0000964403	3.9846425056
641.4356880188	1.0001004934	3.9848728180
642.4357452393	1.0001002550	3.9850819111
643.4358024597	1.0001026392	3.9852919579
644.4358596802	1.0001003742	3.9855239391
645.4359169006	1.0000997782	3.9857075214
646.4359741211	1.0001022816	3.9859445095
647.4350314140	1.0001006126	3.9861450195
648.4350886345	1.0001026392	3.9863657951
649.4351458549	1.0001043081	3.9865667820
650.4352030754	1.0001008511	3.9867799282
651.4352602959	1.0001057386	3.9869914055
652.4353175163	1.0001004934	3.9872093201
653.4353742599	1.0000989437	3.9874165058
654.4354314804	1.0001019239	3.9876403809
655.4354887009	1.0001070499	3.9878630638
656.4355459213	1.0001031160	3.9880754948
657.4356031418	1.0000969172	3.9882955551
658.4356603622	1.0001026392	3.9884896278
659.4357175827	1.0000995398	3.9887130260
660.4357748032	1.0000972748	3.9889211655
661.4358320236	1.0000951290	3.9891479015
662.4358892441	1.0000926256	3.9893546104
663.4359464645	1.0000990629	3.9895815849
664.4360036850	1.0000952482	3.9897882938
665.4350609779	1.0000934601	3.9899916649
666.4351181984	1.0000991821	3.9902064800
667.4351754189	1.0000966787	3.9904165268
668.4352326393	1.0000933409	3.9906301498
669.4352898598	1.0001000166	3.9908528328
670.4353470802	1.0001021624	3.9910736084
671.4354043007	1.0000942945	3.9912703037
672.4354615211	1.0001000166	3.9914963245
673.4355182648	1.0000993013	3.9917089939
674.4355754852	1.0000982285	3.9919064045
675.4356327057	1.0000964403	3.9921097755
676.4356899261	1.0001020432	3.9923236370
677.4357471466	1.0000946522	3.9925441742
678.4358043671	1.0001002550	3.9927532673
679.4358615875	1.0000942945	3.9929606915
680.4359188080	1.0001008511	3.9931724072
681.4359760284	1.0000917912	3.9933793545
682.4350333214	1.0000957251	3.9936127663
683.4350900650	1.0001002550	3.9938321114
684.4351477623	1.0000971556	3.9940435886
685.4352045059	1.0000975132	3.9942445755
686.4352622032	1.0000940561	3.9944558144
687.4353189468	1.0000959635	3.9946696758
688.4353766441	1.0000989437	3.9948992729
689.4354333878	1.0000970364	3.9950954914
690.4354910851	1.0000993013	3.9953024387
691.4355478287	1.0000936985	3.9955222607
692.4356055260	1.0001001358	3.9957263470
693.4356622696	1.0000996590	3.9959366322
694.4357194901	1.0000958443	3.9961376190
695.4357767105	1.0000973940	3.9963479042
696.4358339310	1.0001001358	3.9965674877
697.4358906746	1.0000938177	3.9967558384
698.4359483719	1.0001004934	3.9969937801
699.4360051155	1.0001007318	3.9972159863
700.4350624084	1.0000981092	3.9974257946
701.4351196289	1.0000994205	3.9976398945
702.4351768494	1.0000959635	3.9978277683
703.4352340698	1.0001008511	3.9980516434
704.4352912903	1.0000927448	3.9982454777
705.4353485107	1.0000990629	3.9984722137
706.4354057312	1.0001024008	3.9986891747
707.4354629517	1.0000978708	3.9989054203
708.4355201721	1.0001026392	3.9991202354
709.4355773926	1.0000923872	3.9993062019
710.4356346130	1.0001027584	3.9995262623
711.4356918335	1.0000954866	3.9997169971
712.4357490540	1.0000952482	3.9999165535
713.4358062744	1.0001004934	4.0001530647
714.4358634949	1.0001010895	4.0003767014
715.4359207153	1.0000978708	4.0005769730
716.4359774590	1.0000998974	4.0007867813
717.4350347519	1.0000981092	4.0009913445
718.4350919724	1.0000929832	4.0012116432
719.4351491928	1.0000973940	4.0014133453
720.4352064133	1.0000981092	4.0016365051
721.4352636337	1.0000981092	4.0018510818
722.4353208542	1.0000994205	4.0020627975
723.4353780746	1.0000969172	4.0022702217
724.4354352951	1.0000933409	4.0024518967
725.4354925156	1.0000939369	4.0026693344
726.4355497360	1.0000967979	4.0028796196
727.4356069565	1.0001019239	4.0030980110
728.4356641769	1.0000958443	4.0033178329
729.4357213974	1.0001006126	4.0035195351
730.4357786179	1.0001028776	4.0037221909
731.4358358383	1.0001034737	4.0039567947
732.4358930588	1.0001001358	4.0041599274
733.4359502792	1.0000933409	4.0043706894
734.4360074997	1.0001031160	4.0045804977
735.4350643158	1.0000996590	4.0048007965
736.4351215363	1.0000989437	4.0050039291
737.4351787567	1.0001041889	4.0052247047
738.4352359772	1.0000982285	4.0054316521
739.4352931976	1.0001018047	4.0056376457
740.4353504181	1.0000939369	4.0058445930
741.4354076385	1.0000967979	4.0060491562
742.4354648590	1.0000938177	4.0062499046
743.4355220795	1.0000942945	4.0064425468
744.4355792999	1.0000942945	4.0066723824
745.4356365204	1.0000969172	4.0068931580
746.4356937408	1.0001027584	4.0070929527
747.4357509613	1.0000956059	4.0072937012
748.4358081818	1.0001025200	4.0075116158
749.4358654022	1.0000960827	4.0077071190
750.4359226227	1.0001019239	4.0079264641
751.4359798431	1.0000995398	4.0081329346
752.4350366592	1.0001006126	4.0083479881
753.4350938797	1.0000991821	4.0085659027
754.4351511002	1.0001039505	4.0087919235
755.4352083206	1.0001034737	4.0089845657
756.4352655411	1.0001009703	4.0091829300
757.4353227615	1.0001038313	4.0093960762
758.4353799820	1.0000909567	4.0096073151
759.4354372025	1.0001028776	4.0098128319
760.4354944229	1.0001015663	4.0100483894
761.4355516434	1.0000973940	4.0102334023
762.4356088638	1.0000951290	4.0104455948
763.4356660843	1.0001004934	4.0106568336
764.4357233047	1.0000978708	4.0108823776
765.4357805252	1.0001043081	4.0110788345
766.4358377457	1.0000972748	4.0112938881
767.4358949661	1.0001013279	4.0115003586
768.4359521866	1.0000976324	4.0117011070
769.4360094070	1.0001034737	4.0119266510
770.4350667000	1.0000959635	4.0121335983
771.4351239204	1.0001000166	4.0123405457
772.4351806641	1.0001027584	4.0125594139
773.4352378845	1.0000995398	4.0127744675
774.4352951050	1.0001040697	4.0129928589
775.4353523254	1.0001009703	4.0131926537
776.4354095459	1.0001051426	4.0134115219
777.4354667664	1.0001039505	4.0136237144
778.4355239868	1.0001109838	4.0138268471
779.4355812073	1.0000996590	4.0140371323
780.4356384277	1.0000984669	4.0142536163
781.4356956482	1.0000941753	4.0144538879
782.4357528687	1.0001039505	4.0146603584
783.4358100891	1.0001035929	4.0148901939
784.4358673096	1.0001060963	4.0150880814
785.4359245300	1.0000995398	4.0153059959
786.4359817505	1.0001022816	4.0155143738
787.4350390434	1.0001028776	4.0157246590
788.4350962639	1.0000952482	4.0159220695
789.4351534843	1.0000941753	4.0161318779
790.4352107048	1.0000956059	4.0163507462
791.4352679253	1.0000981092	4.0165643692
792.4353246689	1.0000947714	4.0167798996
793.4353818893	1.0001003742	4.0169801712
794.4354391098	1.0000976324	4.0171923637
795.4354963303	1.0000995398	4.0174193382
796.4355535507	1.0000908375	4.0176110268
797.4356107712	1.0000987053	4.0178351402
798.4356679916	1.0000983477	4.0180501938
799.4357252121	1.0001000166	4.0182743073
800.4357824326	1.0000987053	4.0184741020
801.4358396530	1.0001022816	4.0186867714
802.4358968735	1.0000983477	4.0188903809
803.4359540939	1.0001009703	4.0191073418
804.4360113144	1.0000934601	4.0193076134
805.4350686073	1.0001018047	4.0195078850
806.4351253510	1.0000959635	4.0197238922
807.4351830482	1.0001058578	4.0199437141
808.4352397919	1.0000995398	4.0201539993
809.4352974892	1.0001056194	4.0203781128
810.4353542328	1.0001021624	4.0205750465
811.4354114532	1.0001018047	4.0207886696
812.4354686737	1.0000973940	4.0210032463
813.4355258942	1.0001031160	4.0212001801
814.4355831146	1.0001052618	4.0214319229
815.4356403351	1.0001028776	4.0216250420
816.4356970787	1.0001046658	4.0218405724
817.4357547760	1.0001013279	4.0220546722
818.4358115196	1.0001026392	4.0222582817
819.4358692169	1.0001006126	4.0224647522
820.4359259605	1.0000984669	4.0226750374
821.4359836578	1.0001026392	4.0228900909
822.4350404739	1.0001034737	4.0230922699
823.4350976944	1.0001010895	4.0233030319
824.4351549149	1.0001056194	4.0235095024
825.4352121353	1.0001062155	4.0237288475
826.4352693558	1.0000966787	4.0239248276
827.4353265762	1.0001019239	4.0241394043
828.4353837967	1.0001006126	4.0243635178
829.4354410172	1.0001091957	4.0245513916
830.4354982376	1.0001060963	4.0247764587
831.4355554581	1.0001060963	4.0249795914
832.4356126785	1.0001007318	4.0251817703
833.4356698990	1.0000956059	4.0254077911
834.4357271194	1.0001019239	4.0256090164
835.4357838631	1.0000965595	4.0258383751
836.4358410835	1.0001093149	4.0260262489
837.4358983040	1.0000954866	4.0262556076
838.4359555244	1.0001057386	4.0264544487
839.4360127449	1.0001028776	4.0266566277
840.4350700378	1.0001097918	4.0268836021
841.4351272583	1.0001047850	4.0270943642
842.4351844788	1.0001070499	4.0273180008
843.4352416992	1.0001053810	4.0275173187
844.4352989197	1.0001070499	4.0277376175
845.4353561401	1.0001053810	4.0279273987
846.4354133606	1.0001034737	4.0281510353
847.4354705811	1.0001106262	4.0283517838
848.4355278015	1.0001035929	4.0285696983
849.4355850220	1.0001044273	4.0287895203
850.4356422424	1.0001040697	4.0289888382
851.4356994629	1.0000995398	4.0292181969
852.4357566833	1.0001038313	4.0294194221
853.4358139038	1.0001021624	4.0296273232
854.4358711243	1.0001089573	4.0298423767
855.4359278679	1.0000978708	4.0300507545
856.4359850883	1.0001018047	4.0302510262
857.4350423813	1.0001039505	4.0304770470
858.4350996017	1.0001043081	4.0306673050
859.4351568222	1.0001109838	4.0308938026
860.4352140427	1.0001016855	4.0310773849
861.4352712631	1.0001033545	4.0313053131
862.4353284836	1.0000996590	4.0315008163
863.4353857040	1.0001034737	4.0317306519
864.4354429245	1.0001059771	4.0319375992
865.4355001450	1.0000969172	4.0321493149
866.4355573654	1.0001057386	4.0323610306
867.4356145859	1.0001021624	4.0325860977
868.4356718063	1.0001041889	4.0327906609
869.4357290268	1.0000963211	4.0330071449
870.4357862473	1.0001031160	4.0332064629
871.4358434677	1.0000969172	4.0334377289
872.4359006882	1.0000991821	4.0336380005
873.4359579086	1.0000967979	4.0338439941
874.4360151291	1.0001025200	4.0340423584
875.4350719452	1.0000990629	4.0342683792
876.4351291656	1.0000991821	4.0344758034
877.4351863861	1.0000965595	4.0346941948
878.4352436066	1.0001018047	4.0348949432
879.4353008270	1.0000972748	4.0351061821
880.4353580475	1.0001037121	4.0353112221
881.4354152679	1.0000942945	4.0355272293
882.4354724884	1.0001012087	4.0357279778
883.4355297089	1.0001025200	4.0359368324
884.4355869293	1.0000973940	4.0361442566
885.4356441498	1.0001001358	4.0363521576
886.4357013702	1.0000964403	4.0365786552
887.4357585907	1.0000967979	4.0367789268
888.4358158112	1.0000960827	4.0369887352
889.4358730316	1.0001039505	4.0371952057
890.4359302521	1.0000987053	4.0373969078
891.4359874725	1.0000960827	4.0376234055
892.4350442886	1.0000972748	4.0378336906
893.4351015091	1.0001020432	4.0380530357
894.4351587296	1.0000991821	4.0382490158
895.4352159500	1.0001008511	4.0384712219
896.4352731705	1.0001029968	4.0386686325
897.4353303909	1.0001026392	4.0388994217
898.4353876114	1.0001018047	4.0391073227
899.4354448318	1.0000993013	4.0393042564
900.4355020523	1.0000919104	4.0395174026
901.4355592728	1.0001062155	4.0397391319
902.4356164932	1.0000960827	4.0399422646
903.4356737137	1.0001041889	4.0401511192
904.4357309341	1.0000954866	4.0403709412
905.4357881546	1.0000942945	4.0405745506
906.4358453751	1.0000997782	4.0407924652
907.4359025955	1.0000957251	4.0410041809
908.4359598160	1.0000931025	4.0412216187
909.4360170364	1.0001047850	4.0414357185
910.4350738525	1.0000982285	4.0416479111
911.4351310730	1.0000969172	4.0418548584
912.4351882935	1.0001024008	4.0420670509
913.4352455139	1.0000952482	4.0422687531
914.4353027344	1.0000942945	4.0424785614
915.4353599548	1.0000982285	4.0427012444
916.4354171753	1.0001033545	4.0429186821
917.4354743958	1.0000984669	4.0431289673
918.4355316162	1.0000921488	4.0433335304
919.4355888367	1.0000996590	4.0435590744
920.4356460571	1.0000963211	4.0437512398
921.4357032776	1.0000993013	4.0439729691
922.4357604980	1.0000995398	4.0441737175
923.4358177185	1.0000976324	4.0444025993
924.4358749390	1.0001004934	4.0446343422
925.4359321594	1.0000969172	4.0448212624
926.4359893799	1.0000991821	4.0450506210
927.4350461960	1.0000942945	4.0452451706
928.4351038933	1.0000965595	4.0454573631
929.4351606369	1.0001035929	4.0456795692
930.4352178574	1.0000951290	4.0458860397
931.4352750778	1.0001014471	4.0460815430
932.4353322983	1.0000944138	4.0462927818
933.4353895187	1.0000977516	4.0465059280
934.4354467392	1.0001052618	4.0467209816
935.4355034828	1.0000991821	4.0469145775
936.4355611801	1.0000966787	4.0471215248
937.4356179237	1.0000965595	4.0473446846
938.4356756210	1.0000951290	4.0475687981
939.4357323647	1.0001019239	4.0477771759
940.4357900620	1.0000891685	4.0479755402
941.4358468056	1.0001022816	4.0482034683
942.4359045029	1.0000958443	4.0484266281
943.4359612465	1.0000977516	4.0486216545
944.4360189438	1.0000982285	4.0488290787
945.4350757599	1.0000966787	4.0490236282
946.4351329803	1.0000973940	4.0492501259
947.4351902008	1.0001041889	4.0494661331
948.4352474213	1.0000985861	4.0496759415
949.4353046417	1.0000969172	4.0498948097
950.4353618622	1.0000947714	4.0500955582
951.4354190826	1.0000960827	4.0503144264
952.4354763031	1.0000958443	4.0505056381
953.4355335236	1.0000922680	4.0507240295
954.4355902672	1.0000962019	4.0509338379
955.4356474876	1.0000962019	4.0511493683
956.4357047081	1.0000929832	4.0513572693
957.4357619286	1.0000942945	4.0515694618
958.4358191490	1.0000957251	4.0517897606
959.4358763695	1.0000982285	4.0519981384
960.4359335899	1.0000913143	4.0522084236
961.4359908104	1.0001007318	4.0524153709
962.4350481033	1.0000967979	4.0526390076
963.4351053238	1.0000982285	4.0528473854
964.4351625443	1.0000967979	4.0530619621
965.4352197647	1.0000934601	4.0532674789
966.4352769852	1.0000973940	4.0534949303
967.4353342056	1.0000947714	4.0537104607
968.4353914261	1.0000892878	4.0539155006
969.4354486465	1.0001000166	4.0541224480
970.4355058670	1.0000952482	4.0543498993
971.4355630875	1.0000995398	4.0545587540
972.4356203079	1.0000926256	4.0547719002
973.4356775284	1.0001015663	4.0549721718
974.4357342720	1.0000964403	4.0551991463
975.4357914925	1.0000929832	4.0553936958
976.4358487129	1.0000908375	4.0556092262
977.4359059334	1.0000995398	4.0558447838
978.4359631538	1.0000987053	4.0560574532
979.4360203743	1.0001006126	4.0562677383
980.4350776672	1.0000940561	4.0564866066
981.4351348877	1.0001045465	4.0566992760
982.4351921082	1.0000990629	4.0569005013
983.4352493286	1.0000998974	4.0571084023
984.4353065491	1.0000982285	4.0573253632
985.4353637695	1.0001009703	4.0575542450
986.4354209900	1.0001013279	4.0577573776
987.4354782104	1.0000952482	4.0579786301
988.4355354309	1.0000991821	4.0581998825
989.4355926514	1.0000969172	4.0584011078
990.4356498718	1.0000922680	4.0586094856
991.4357070923	1.0000963211	4.0588188171
992.4357643127	1.0000976324	4.0590448380
993.4358210564	1.0000995398	4.0592575073
994.4358782768	1.0000978708	4.0594682693
995.4359354973	1.0000969172	4.0596818924
996.4359927177	1.0000952482	4.0598888397
997.4350500107	1.0000953674	4.0601024628
998.4351072311	1.0000990629	4.0603199005
999.4351644516	1.0000959635	4.0605359077
1000.4352216721	1.0000985861	4.0607380867
1001.4352788925	1.0000926256	4.0609512329
1002.4353361130	1.0000984669	4.0611667633
1003.4353933334	1.0000934601	4.0613908768
1004.4354505539	1.0000994205	4.0615925789
1005.4355077744	1.0000922680	4.0618023872
1006.4355649948	1.0000956059	4.0620169640
1007.4356222153	1.0000946522	4.0622324944
1008.4356794357	1.0000965595	4.0624480247
1009.4357366562	1.0000981092	4.0626683235
1010.4357938766	1.0000956059	4.0628976822
1011.4358510971	1.0001015663	4.0630931854
1012.4359083176	1.0000981092	4.0633134842
1013.4359650612	1.0000928640	4.0635113716
1014.4360222816	1.0000995398	4.0637288094
1015.4350795746	1.0000963211	4.0639414787
1016.4351367950	1.0000938177	4.0641527176
1017.4351940155	1.0001043081	4.0643806458
1018.4352512360	1.0001033545	4.0645985603
1019.4353084564	1.0000964403	4.0647916794
1020.4353656769	1.0000988245	4.0650224686
1021.4354228973	1.0001007318	4.0652232170
1022.4354801178	1.0000975132	4.0654468536
1023.4355373383	1.0001035929	4.0656499863
1024.4355945587	1.0000958443	4.0658497810
1025.4356517792	1.0001050234	4.0660772324
1026.4357089996	1.0001031160	4.0662889481
1027.4357662201	1.0001009703	4.0664997101
1028.4358234406	1.0001000166	4.0667200089
1029.4358806610	1.0000993013	4.0669302940
1030.4359378815	1.0001008511	4.0671439171
1031.4359951019	1.0000985861	4.0673761368
1032.4350519180	1.0000998974	4.0675802231
1033.4351091385	1.0001027584	4.0678110123
1034.4351663589	1.0000991821	4.0680184364
1035.4352235794	1.0000947714	4.0682258606
1036.4352807999	1.0000995398	4.0684576035
1037.4353380203	1.0001002550	4.0686535835
1038.4353952408	1.0000934601	4.0688691139
1039.4354524612	1.0001008511	4.0690884590
1040.4355096817	1.0000978708	4.0692954063
1041.4355669022	1.0000907183	4.0695095062
1042.4356241226	1.0000991821	4.0697283745
1043.4356813431	1.0000959635	4.0699448586
1044.4357385635	1.0000984669	4.0701618195
1045.4357957840	1.0001018047	4.0703697205
1046.4358530045	1.0000956059	4.0705833435
1047.4359102249	1.0000978708	4.0708069801
1048.4359674454	1.0000956059	4.0710158348
1049.4360246658	1.0001031160	4.0712423325
1050.4350814819	1.0001026392	4.0714488029
1051.4351387024	1.0001026392	4.0716581345
1052.4351959229	1.0001000166	4.0718913078
1053.4352531433	1.0001035929	4.0721015930
1054.4353098869	1.0001056194	4.0723133087
1055.4353675842	1.0001026392	4.0725283623
1056.4354243279	1.0001007318	4.0727438927
1057.4354820251	1.0000979900	4.0729727745
1058.4355387688	1.0001020432	4.0731863976
1059.4355964661	1.0001064539	4.0733933449
1060.4356532097	1.0000987053	4.0736169815
1061.4357109070	1.0000952482	4.0738220215
1062.4357676506	1.0001004934	4.0740327835
1063.4358253479	1.0001013279	4.0742459297
1064.4358820915	1.0000966787	4.0744757652
1065.4359397888	1.0001041889	4.0747084618
1066.4359965324	1.0000959635	4.0749139786
1067.4350538254	1.0000989437	4.0751442909
1068.4351110458	1.0001002550	4.0753502846
1069.4351682663	1.0000951290	4.0755620003
1070.4352254868	1.0001028776	4.0757946968
1071.4352827072	1.0000947714	4.0760035515
1072.4353399277	1.0000951290	4.0762190819
1073.4353966713	1.0001069307	4.0764384270
1074.4354538918	1.0001031160	4.0766544342
1075.4355111122	1.0001052618	4.0768685341
1076.4355683327	1.0000942945	4.0770883560
1077.4356255531	1.0001018047	4.0773167610
1078.4356827736	1.0000984669	4.0775246620
1079.4357399940	1.0001004934	4.0777544975
1080.4357972145	1.0000960827	4.0779614449
1081.4358544350	1.0000983477	4.0781793594
1082.4359116554	1.0001018047	4.0783929825
1083.4359688759	1.0000989437	4.0785975456
1084.4360260963	1.0001019239	4.0788373947
1085.4350833893	1.0001015663	4.0790443420
1086.4351406097	1.0001078844	4.0792593956
1087.4351978302	1.0001059771	4.0794739723
1088.4352550507	1.0001055002	4.0797028542
1089.4353122711	1.0001035929	4.0799174309
1090.4353694916	1.0001053810	4.0801291466
1091.4354267120	1.0000995398	4.0803337097
1092.4354834557	1.0001039505	4.0805602074
1093.4355406761	1.0001032352	4.0807681084
1094.4355978966	1.0001070499	4.0809721947
1095.4356551170	1.0000966787	4.0812020302
1096.4357123375	1.0000987053	4.0814166069
1097.4357695580	1.0001020432	4.0816259384
1098.4358267784	1.0001124144	4.0818581581
1099.4358839989	1.0001000166	4.0820746422
1100.4359412193	1.0001038313	4.0823011398
1101.4359984398	1.0001013279	4.0825090408
1102.4350557327	1.0001034737	4.0827260017
1103.4351129532	1.0001015663	4.0829486847
1104.4351701736	1.0001091957	4.0831637383
1105.4352273941	1.0001049042	4.0834002495
1106.4352846146	1.0001000166	4.0836176872
1107.4353418350	1.0001075268	4.0838265419
1108.4353990555	1.0001008511	4.0840439796
1109.4354562759	1.0001043081	4.0842599869
1110.4355134964	1.0000989437	4.0844855309
1111.4355707169	1.0001050234	4.0847039223
1112.4356274605	1.0000995398	4.0849266052
1113.4356846809	1.0001001358	4.0851364136
1114.4357419014	1.0000958443	4.0853633881
1115.4357991219	1.0001016855	4.0855898857
1116.4358563423	1.0000969172	4.0858278275
1117.4359135628	1.0000983477	4.0860404968
1118.4359707832	1.0000933409	4.0862360001
1119.4350280762	1.0001001358	4.0864553452
1120.4350852966	1.0001020432	4.0866827965
1121.4351425171	1.0001000166	4.0868897438
1122.4351997375	1.0000936985	4.0871224403
1123.4352569580	1.0001019239	4.0873422623
1124.4353141785	1.0000979900	4.0875725746
1125.4353713989	1.0000957251	4.0877737999
1126.4354286194	1.0001064539	4.0880055428
1127.4354858398	1.0000957251	4.0882153511
1128.4355430603	1.0001044273	4.0884332657
1129.4356002808	1.0001008511	4.0886673927
1130.4356575012	1.0001063347	4.0888800621
1131.4357147217	1.0001010895	4.0890917778
1132.4357714653	1.0001078844	4.0893268585
1133.4358286858	1.0001024008	4.0895309448
1134.4358859062	1.0001039505	4.0897498131
1135.4359431267	1.0000958443	4.0899767876
1136.4360003471	1.0001076460	4.0902004242
1137.4350576401	1.0000996590	4.0904240608
1138.4351148605	1.0001076460	4.0906548500
1139.4351720810	1.0000975132	4.0908617973
1140.4352293015	1.0001051426	4.0910892487
1141.4352865219	1.0000957251	4.0912985802
1142.4353437424	1.0001027584	4.0915451050
1143.4354009628	1.0001044273	4.0917587280
1144.4354581833	1.0001065731	4.0919661522
1145.4355154037	1.0000991821	4.0921864510
1146.4355726242	1.0001020432	4.0924034119
1147.4356298447	1.0001013279	4.0926408768
1148.4356870651	1.0001031160	4.0928516388
1149.4357442856	1.0001131296	4.0930767059
1150.4358015060	1.0001045465	4.0933156013
1151.4358587265	1.0001085997	4.0935249329
1152.4359154701	1.0001037121	4.0937318802
1153.4359726906	1.0001006126	4.0939579010
1154.4350299835	1.0001035929	4.0941915512
1155.4350872040	1.0001053810	4.0944094658
1156.4351444244	1.0000971556	4.0946183205
1157.4352016449	1.0001019239	4.0948376656
1158.4352588654	1.0001015663	4.0950694084
1159.4353160858	1.0001047850	4.0952734947
1160.4353733063	1.0001028776	4.0955071449
1161.4354305267	1.0001027584	4.0957188606
1162.4354877472	1.0001014471	4.0959444046
1163.4355449677	1.0001056194	4.0961918831
1164.4356021881	1.0001070499	4.0964083672
1165.4356594086	1.0000995398	4.0966200829
1166.4357166290	1.0001063347	4.0968389511
1167.4357738495	1.0001021624	4.0970768929
1168.4358310699	1.0001021624	4.0972757339
1169.4358882904	1.0000983477	4.0975060463
1170.4359455109	1.0001027584	4.0977139473
1171.4360022545	1.0000990629	4.0979700089
1172.4350595474	1.0000970364	4.0981664658
1173.4351162910	1.0001009703	4.0983929634
1174.4351739883	1.0000990629	4.0986132622
1175.4352307320	1.0000975132	4.0988373756
1176.4352884293	1.0001091957	4.0990648270
1177.4353451729	1.0000941753	4.0992760658
1178.4354028702	1.0001018047	4.0994882584
1179.4354596138	1.0000989437	4.0997123718
1180.4355173111	1.0000984669	4.0999412537
1181.4355740547	1.0000989437	4.1001782417
1182.4356317520	1.0000976324	4.1003899574
1183.4356884956	1.0000995398	4.1006298065
1184.4357461929	1.0000979900	4.1008238792
1185.4358029366	1.0000941753	4.1010618210
1186.4358606339	1.0000942945	4.1012730598
1187.4359173775	1.0000957251	4.1015100479
1188.4359750748	1.0001025200	4.1017336845
1189.4350318909	1.0000959635	4.1019635201
1190.4350891113	1.0001026392	4.1021561623
1191.4351458549	1.0001000166	4.1024084091
1192.4352030754	1.0001009703	4.1026268005
1193.4352602959	1.0000951290	4.1028480530
1194.4353175163	1.0001025200	4.1030640602
1195.4353747368	1.0000982285	4.1032896042
1196.4354319572	1.0001044273	4.1035380363
1197.4354891777	1.0000942945	4.1037449837
1198.4355463982	1.0000967979	4.1039772034
1199.4356036186	1.0001035929	4.1041855812
1200.4356608391	1.0000939369	4.1044187546
1201.4357180595	1.0000944138	4.1046361923
1202.4357752800	1.0000978708	4.1048736572
1203.4358325005	1.0000988245	4.1051011086
1204.4358897209	1.0000989437	4.1053218842
1205.4359469414	1.0000916719	4.1055507660
1206.4360041618	1.0000979900	4.1057677269
1207.4350614548	1.0000976324	4.1059966087
1208.4351186752	1.0001015663	4.1062169075
1209.4351758957	1.0000933409	4.1064491272
1210.4352331161	1.0001047850	4.1066751480
1211.4352898598	1.0000973940	4.1068892479
1212.4353470802	1.0001040697	4.1071224213
1213.4354043007	1.0000947714	4.1073455811
1214.4354615211	1.0001045465	4.1075649261
1215.4355187416	1.0001004934	4.1077914238
1216.4355759621	1.0001006126	4.1080269814
1217.4356331825	1.0000948906	4.1082353592
1218.4356904030	1.0001008511	4.1084823608
1219.4357476234	1.0001149178	4.1086993217
1220.4358048439	1.0001059771	4.1089220047
1221.4358620644	1.0001034737	4.1091551781
1222.4359192848	1.0001057386	4.1093750000
1223.4359765053	1.0001037121	4.1095933914
1224.4350337982	1.0001066923	4.1098241806
1225.4350910187	1.0000960827	4.1100416183
1226.4351482391	1.0001070499	4.1102786064
1227.4352054596	1.0001013279	4.1104979515
1228.4352626801	1.0001033545	4.1107263565
1229.4353199005	1.0000997782	4.1109652519
1230.4353771210	1.0000987053	4.1111841202
1231.4354338646	1.0001002550	4.1114253998
1232.4354910851	1.0001020432	4.1116514206
1233.4355483055	1.0000951290	4.1118669510
1234.4356055260	1.0000970364	4.1120924950
1235.4356627464	1.0001008511	4.1123180389
1236.4357199669	1.0001058578	4.1125407219
1237.4357771873	1.0000947714	4.1127657890
1238.4358344078	1.0001031160	4.1129946709
1239.4358916283	1.0001025200	4.1132116318
1240.4359488487	1.0000957251	4.1134495735
1241.4360060692	1.0001019239	4.1136794090
1242.4350633621	1.0000958443	4.1139006615
1243.4351205826	1.0000958443	4.1141295433
1244.4351778030	1.0001021624	4.1143717766
1245.4352350235	1.0001034737	4.1145963669
1246.4352922440	1.0001007318	4.1148099899
1247.4353494644	1.0000978708	4.1150350571
1248.4354066849	1.0001013279	4.1152596474
1249.4354639053	1.0000978708	4.1155009270
1250.4355211258	1.0001026392	4.1157221794
1251.4355778694	1.0001009703	4.1159467697
1252.4356350899	1.0001001358	4.1161770821
1253.4356923103	1.0001013279	4.1163964272
1254.4357495308	1.0000962019	4.1166353226
1255.4358067513	1.0001007318	4.1168594360
1256.4358639717	1.0001019239	4.1170878410
1257.4359211922	1.0001050234	4.1173243523
1258.4359784126	1.0000989437	4.1175403595
1259.4350357056	1.0001065731	4.1177849770
1260.4350929260	1.0000956059	4.1180047989
1261.4351501465	1.0000948906	4.1182160378
1262.4352073669	1.0000982285	4.1184425354
1263.4352645874	1.0000997782	4.1186780930
1264.4353218079	1.0000995398	4.1189093590
1265.4353790283	1.0001071692	4.1191420555
1266.4354362488	1.0001000166	4.1193718910
1267.4354934692	1.0001014471	4.1195979118
1268.4355506897	1.0000995398	4.1198239326
1269.4356079102	1.0001021624	4.1200590134
1270.4356646538	1.0001022816	4.1202683449
1271.4357218742	1.0001038313	4.1204977036
1272.4357790947	1.0000996590	4.1207180023
1273.4358363152	1.0001053810	4.1209788322
1274.4358935356	1.0000959635	4.1211881638
1275.4359507561	1.0001045465	4.1214265823
1276.4360079765	1.0001029968	4.1216592789
1277.4350652695	1.0001055002	4.1218867302
1278.4351224899	1.0000969172	4.1221222878
1279.4351797104	1.0001015663	4.1223673820
1280.4352369308	1.0000978708	4.1225671768
1281.4352941513	1.0001008511	4.1228075027
1282.4353513718	1.0001063347	4.1230216026
1283.4354085922	1.0000969172	4.1232447624
1284.4354658127	1.0000983477	4.1234812737
1285.4355230331	1.0001001358	4.1237106323
1286.4355802536	1.0001035929	4.1239562035
1287.4356374741	1.0001038313	4.1241784096
1288.4356946945	1.0000956059	4.1244091988
1289.4357519150	1.0001055002	4.1246433258
1290.4358086586	1.0000985861	4.1248736382
1291.4358658791	1.0000984669	4.1251039505
1292.4359230995	1.0000959635	4.1253323555
1293.4359803200	1.0001012087	4.1255497932
1294.4350371361	1.0001031160	4.1257929802
1295.4350948334	1.0001008511	4.1260247231
1296.4351515770	1.0001012087	4.1262521744
1297.4352092743	1.0001051426	4.1264834404
1298.4352660179	1.0001031160	4.1267180443
1299.4353237152	1.0000995398	4.1269388199
1300.4353804588	1.0001044273	4.1271805763
1301.4354381561	1.0001081228	4.1273913383
1302.4354948997	1.0001008511	4.1276340485
1303.4355525970	1.0001047850	4.1278591156
1304.4356093407	1.0001004934	4.1280965805
1305.4356670380	1.0001013279	4.1283235550
1306.4357237816	1.0001004934	4.1285562515
1307.4357814789	1.0001008511	4.1287732124
1308.4358382225	1.0000969172	4.1290206909
1309.4358959198	1.0000983477	4.1292514801
1310.4359526634	1.0001033545	4.1294827461
1311.4360098839	1.0000995398	4.1297087669
1312.4350667000	1.0001015663	4.1299357414
1313.4351239204	1.0000976324	4.1301836967
1314.4351811409	1.0000997782	4.1304092407
1315.4352383614	1.0001022816	4.1306643486
1316.4352955818	1.0001008511	4.1308693886
1317.4353528023	1.0001025200	4.1311154366
1318.4354100227	1.0001021624	4.1313285828
1319.4354672432	1.0001026392	4.1315612793
1320.4355244637	1.0001032352	4.1318111420
1321.4355816841	1.0001057386	4.1320304871
1322.4356389046	1.0001033545	4.1322622299
1323.4356961250	1.0001026392	4.1324834824
1324.4357533455	1.0000959635	4.1327257156
1325.4358105659	1.0001014471	4.1329607964
1326.4358677864	1.0000978708	4.1331973076
1327.4359250069	1.0000987053	4.1334199905
1328.4359822273	1.0000927448	4.1336326599
1329.4350395203	1.0001070499	4.1338872910
1330.4350962639	1.0001016855	4.1341409683
1331.4351534843	1.0001035929	4.1343598366
1332.4352107048	1.0001000166	4.1346054077
1333.4352679253	1.0000979900	4.1348309517
1334.4353251457	1.0000959635	4.1350746155
1335.4353823662	1.0000995398	4.1353015900
1336.4354395866	1.0000973940	4.1355285645
1337.4354968071	1.0000959635	4.1357555389
1338.4355540276	1.0001052618	4.1360020638
1339.4356112480	1.0001000166	4.1362156868
1340.4356684685	1.0001001358	4.1364564896
1341.4357256889	1.0000977516	4.1367011070
1342.4357829094	1.0001012087	4.1369123459
1343.4358401299	1.0000935793	4.1371617317
1344.4358973503	1.0001000166	4.1373786926
1345.4359545708	1.0000973940	4.1376166344
1346.4360117912	1.0000989437	4.1378483772
1347.4350690842	1.0000928640	4.1380844116
1348.4351263046	1.0001013279	4.1383147240
1349.4351835251	1.0000984669	4.1385331154
1350.4352402687	1.0000981092	4.1387767792
1351.4352974892	1.0000995398	4.1390051842
1352.4353547096	1.0000982285	4.1392498016
1353.4354119301	1.0000989437	4.1394639015
1354.4354691505	1.0000926256	4.1396927834
1355.4355263710	1.0001018047	4.1399383545
1356.4355835915	1.0001039505	4.1401786804
1357.4356408119	1.0001021624	4.1403818130
1358.4356980324	1.0000991821	4.1406369209
1359.4357552528	1.0001009703	4.1408553123
1360.4358124733	1.0000931025	4.1410841942
1361.4358696938	1.0001037121	4.1413502693
1362.4359269142	1.0001006126	4.1415762901
1363.4359841347	1.0000996590	4.1418123245
1364.4350414276	1.0000998974	4.1420445442
1365.4350986481	1.0000977516	4.1422834396
1366.4351558685	1.0001055002	4.1425008774
1367.4352130890	1.0000979900	4.1427340508
1368.4352703094	1.0001021624	4.1429743767
1369.4353270531	1.0001004934	4.1432118416
1370.4353842735	1.0000942945	4.1434206963
1371.4354414940	1.0000997782	4.1436676979
1372.4354987144	1.0000942945	4.1438941956
1373.4355559349	1.0000991821	4.1441493034
1374.4356131554	1.0000979900	4.1443715096
1375.4356703758	1.0001018047	4.1446080208
1376.4357275963	1.0000996590	4.1448373795
1377.4357848167	1.0001031160	4.1450753212
1378.4358420372	1.0000970364	4.1453003883
1379.4358992577	1.0000994205	4.1455388069
1380.4359564781	1.0000944138	4.1457710266
1381.4360136986	1.0000941753	4.1460070610
1382.4350709915	1.0001013279	4.1462426186
1383.4351282120	1.0000994205	4.1464815140
1384.4351854324	1.0001035929	4.1467113495
1385.4352426529	1.0000925064	4.1469354630
1386.4352998734	1.0001043081	4.1471867561
1387.4353570938	1.0001010895	4.1474256516
1388.4354143143	1.0001001358	4.1476578712
1389.4354710579	1.0000959635	4.1478834152
1390.4355282784	1.0001022816	4.1481275558
1391.4355854988	1.0001034737	4.1483473778
1392.4356427193	1.0000941753	4.1485853195
1393.4356999397	1.0001008511	4.1488308907
1394.4357571602	1.0000983477	4.1490635872
1395.4358143806	1.0001003742	4.1492924690
1396.4358716011	1.0000967979	4.1495242119
1397.4359288216	1.0001026392	4.1497588158
1398.4359860420	1.0000975132	4.1500058174
1399.4350433350	1.0001062155	4.1502394676
1400.4351005554	1.0000973940	4.1504688263
1401.4351577759	1.0000990629	4.1507120132
1402.4352149963	1.0001002550	4.1509475708
1403.4352722168	1.0000969172	4.1511793137
1404.4353294373	1.0000976324	4.1514081955
1405.4353866577	1.0001007318	4.1516413689
1406.4354438782	1.0000941753	4.1518759727
1407.4355010986	1.0000965595	4.1520986557
1408.4355583191	1.0000985861	4.1523418427
1409.4356150627	1.0000971556	4.1525964737
1410.4356722832	1.0001037121	4.1528196335
1411.4357295036	1.0000987053	4.1530628204
1412.4357867241	1.0001008511	4.1533017159
1413.4358439445	1.0000940561	4.1535086632
1414.4359011650	1.0000979900	4.1537494659
1415.4359583855	1.0000970364	4.1539983749
1416.4360156059	1.0001018047	4.1542353630
1417.4350724220	1.0000987053	4.1544766426
1418.4351301193	1.0000989437	4.1546893120
1419.4351868629	1.0000978708	4.1549220085
1420.4352445602	1.0001021624	4.1551613808
1421.4353013039	1.0000958443	4.1553864479
1422.4353590012	1.0001014471	4.1556334496
1423.4354157448	1.0000956059	4.1558675766
1424.4354734421	1.0000995398	4.1561059952
1425.4355301857	1.0001020432	4.1563401222
1426.4355878830	1.0000929832	4.1565799713
1427.4356446266	1.0001026392	4.1568069458
1428.4357023239	1.0001013279	4.1570463181
1429.4357590675	1.0001018047	4.1572933197
1430.4358162880	1.0001066923	4.1575193405
1431.4358735085	1.0000973940	4.1577453613
1432.4359307289	1.0001047850	4.1579990387
1433.4359874725	1.0000941753	4.1582231522
1434.4350447655	1.0000996590	4.1584601402
1435.4351019859	1.0000973940	4.1586842537
1436.4351592064	1.0000970364	4.1589465141
1437.4352164268	1.0000985861	4.1591553688
1438.4352736473	1.0000941753	4.1593775749
1439.4353308678	1.0001010895	4.1596426964
1440.4353880882	1.0001028776	4.1598567963
1441.4354453087	1.0001040697	4.1600914001
1442.4355025291	1.0000989437	4.1603131294
1443.4355597496	1.0001047850	4.1605682373
1444.4356169701	1.0000984669	4.1607871056
1445.4356741905	1.0000996590	4.1610164642
1446.4357314110	1.0000997782	4.1612644196
1447.4357886314	1.0001018047	4.1615047455
1448.4358458519	1.0000985861	4.1617293358
1449.4359030724	1.0001000166	4.1619868279
1450.4359602928	1.0000995398	4.1622018814
1451.4360175133	1.0000996590	4.1624398232
1452.4350743294	1.0001024008	4.1626758575
1453.4351315498	1.0001060963	4.1628952026
1454.4351887703	1.0000997782	4.1631340981
1455.4352459908	1.0000966787	4.1633653641
1456.4353032112	1.0000991821	4.1635990143
1457.4353604317	1.0000993013	4.1638188362
1458.4354176521	1.0001004934	4.1640653610
1459.4354748726	1.0000987053	4.1643056870
1460.4355320930	1.0000929832	4.1645178795
1461.4355893135	1.0001003742	4.1647667885
1462.4356465340	1.0000960827	4.1649899483
1463.4357037544	1.0001001358	4.1652288437
1464.4357609749	1.0000947714	4.1654467583
1465.4358181953	1.0000979900	4.1657104492
1466.4358754158	1.0001024008	4.1659231186
1467.4359326363	1.0000965595	4.1661643982
1468.4359898567	1.0000987053	4.1664133072
1469.4350466728	1.0000993013	4.1666331291
1470.4351038933	1.0000948906	4.1668748856
1471.4351611137	1.0000964403	4.1670994759
1472.4352183342	1.0000971556	4.1673269272
1473.4352755547	1.0001020432	4.1675739288
1474.4353327751	1.0001033545	4.1678032875
1475.4353899956	1.0001038313	4.1680378914
1476.4354472160	1.0000936985	4.1682753563
1477.4355044365	1.0001020432	4.1685075760
1478.4355616570	1.0000994205	4.1687302589
1479.4356188774	1.0001028776	4.1689643860
1480.4356760979	1.0000994205	4.1692023277
1481.4357333183	1.0000979900	4.1694183350
1482.4357905388	1.0001035929	4.1696772575
1483.4358477592	1.0000948906	4.1698918343
1484.4359049797	1.0000967979	4.1701316833
1485.4359622002	1.0000948906	4.1703763008
1486.4360194206	1.0001037121	4.1706089973
1487.4350767136	1.0000942945	4.1708397865
1488.4351334572	1.0000914335	4.1710696220
1489.4351906776	1.0000929832	4.1713109016
1490.4352478981	1.0000951290	4.1715426445
1491.4353051186	1.0000971556	4.1717720032
1492.4353623390	1.0000916719	4.1719894409
1493.4354195595	1.0000995398	4.1722278595
1494.4354767799	1.0000898838	4.1724452972
1495.4355340004	1.0000978708	4.1726894379
1496.4355912209	1.0001006126	4.1729264259
1497.4356484413	1.0000933409	4.1731410027
1498.4357056618	1.0000951290	4.1733694077
1499.4357628822	1.0000948906	4.1736102104
1500.4358201027	1.0000934601	4.1738214493
1501.4358773232	1.0000945330	4.1740665436
1502.4359345436	1.0000921488	4.1742897034
1503.4359917641	1.0000977516	4.1745238304
1504.4350490570	1.0000916719	4.1747865677
1505.4351062775	1.0000950098	4.1749916077
1506.4351634979	1.0000976324	4.1752371788
1507.4352207184	1.0000946522	4.1754512787
1508.4352774620	1.0000932217	4.1756806374
1509.4353346825	1.0000965595	4.1759343147
1510.4353919029	1.0000889301	4.1761507988
1511.4354491234	1.0000903606	4.1763825417
1512.4355063438	1.0000933409	4.1766157150
1513.4355635643	1.0000998974	4.1768450737
1514.4356207848	1.0000929832	4.1770639420
1515.4356780052	1.0000965595	4.1772894859
1516.4357352257	1.0000947714	4.1775183678
1517.4357924461	1.0001026392	4.1777701378
1518.4358496666	1.0000982285	4.1779904366
1519.4359068871	1.0000967979	4.1782212257
1520.4359641075	1.0000976324	4.1784505844
1521.4360213280	1.0001000166	4.1786870956
1522.4350786209	1.0000963211	4.1789112091
1523.4351358414	1.0000993013	4.1791443825
1524.4351930618	1.0000969172	4.1793727875
1525.4352502823	1.0000996590	4.1796250343
1526.4353075027	1.0000977516	4.1798324585
1527.4353647232	1.0000965595	4.1800608635
1528.4354214668	1.0000945330	4.1802845001
1529.4354786873	1.0000995398	4.1805191040
1530.4355359077	1.0000976324	4.1807646751
1531.4355931282	1.0000951290	4.1809687614
1532.4356503487	1.0000993013	4.1812109947
1533.4357075691	1.0000979900	4.1814236641
1534.4357647896	1.0000975132	4.1816544533
1535.4358220100	1.0000929832	4.1818904877
1536.4358792305	1.0000911951	4.1821198463
1537.4359364510	1.0000995398	4.1823554039
1538.4359936714	1.0000931025	4.1825795174
1539.4350509644	1.0001018047	4.1828007698
1540.4351077080	1.0000966787	4.1830396652
1541.4351654053	1.0001026392	4.1832656860
1542.4352221489	1.0000972748	4.1835031509
1543.4352798462	1.0000965595	4.1837096214
1544.4353365898	1.0000922680	4.1839447021
1545.4353942871	1.0001024008	4.1841778755
1546.4354510307	1.0000965595	4.1844019890
1547.4355087280	1.0000951290	4.1846184731
1548.4355654716	1.0000965595	4.1848497391
1549.4356226921	1.0000925064	4.1850709915
1550.4356799126	1.0000965595	4.1853160858
1551.4357371330	1.0000983477	4.1855325699
1552.4357938766	1.0001007318	4.1857810020
1553.4358515739	1.0000958443	4.1859898567
1554.4359083176	1.0000954866	4.1862077713
1555.4359660149	1.0001006126	4.1864409447
1556.4360227585	1.0000940561	4.1866674423
1557.4350800514	1.0000991821	4.1868948936
1558.4351372719	1.0000969172	4.1871342659
1559.4351944923	1.0000927448	4.1873445511
1560.4352517128	1.0000895262	4.1875629425
1561.4353089333	1.0000960827	4.1878037453
1562.4353661537	1.0000922680	4.1880183220
1563.4354233742	1.0000933409	4.1882486343
1564.4354805946	1.0000928640	4.1884717941
1565.4355378151	1.0000952482	4.1886997223
1566.4355950356	1.0000915527	4.1889200211
1567.4356522560	1.0000933409	4.1891436577
1568.4357094765	1.0000905991	4.1893844604
1569.4357666969	1.0000982285	4.1895961761
1570.4358239174	1.0000922680	4.1898264885
1571.4358806610	1.0000947714	4.1900563240
1572.4359378815	1.0000886917	4.1902761459
1573.4359951019	1.0000939369	4.1905055046
1574.4350523949	1.0000972748	4.1907372475
1575.4351096153	1.0000944138	4.1909604073
1576.4351668358	1.0000972748	4.1911883354
1577.4352240562	1.0000960827	4.1914129257
1578.4352812767	1.0000905991	4.1916289330
1579.4353384972	1.0001018047	4.1918497086
1580.4353957176	1.0000956059	4.1920824051
1581.4354529381	1.0000947714	4.1923012733
1582.4355101585	1.0000945330	4.1925234795
1583.4355673790	1.0000990629	4.1927456856
1584.4356245995	1.0000883341	4.1929736137
1585.4356818199	1.0000934601	4.1931986809
1586.4357390404	1.0000935793	4.1934342384
1587.4357962608	1.0000963211	4.1936559677
1588.4358534813	1.0000916719	4.1938743591
1589.4359107018	1.0000995398	4.1941070557
1590.4359679222	1.0000988245	4.1943235397
1591.4360246658	1.0000991821	4.1945419312
1592.4350819588	1.0001007318	4.1947693825
1593.4351391792	1.0000946522	4.1949882507
1594.4351963997	1.0000987053	4.1952242851
1595.4352536201	1.0000969172	4.1954665184
1596.4353108406	1.0000947714	4.1956715584
1597.4353680611	1.0000877380	4.1959009171
1598.4354252815	1.0000959635	4.1961269379
1599.4354825020	1.0000921488	4.1963524818
1600.4355397224	1.0000967979	4.1965789795
1601.4355969429	1.0000976324	4.1967916489
1602.4356541634	1.0000942945	4.1970276833
1603.4357113838	1.0001008511	4.1972489357
1604.4357686043	1.0000919104	4.1974692345
1605.4358258247	1.0000952482	4.1976914406
1606.4358830452	1.0000904799	4.1979093552
1607.4359402657	1.0000920296	4.1981334686
1608.4359974861	1.0000987053	4.1983613968
1609.4350543022	1.0000942945	4.1985535622
1610.4351115227	1.0000996590	4.1987924576
1611.4351687431	1.0000934601	4.1990118027
1612.4352259636	1.0000967979	4.1992325783
1613.4352831841	1.0000909567	4.1994442940
1614.4353404045	1.0000960827	4.1996889114
1615.4353976250	1.0000963211	4.1999034882
1616.4354548454	1.0000895262	4.2001185417
1617.7895326614	1.0312851667	4.1997418404
1618.7895894051	1.0055716038	4.1997418404
1619.7896471024	1.0001966953	4.1997418404
1620.7897038460	0.9969567657	4.1997418404
1621.7897610664	0.9945316911	4.1997418404
1622.7898182869	0.9922769070	4.1997418404
1623.7898755074	0.9906220436	4.1997418404
1624.7899327278	0.9891097546	4.1997418404
1625.7899899483	0.9876676798	4.1997418404
1626.7890467644	0.9862560630	4.1997418404
1627.7891044617	0.9847195745	4.1997418404
1628.7891612053	0.9832689762	4.1997418404
1629.7892189026	0.9821280241	4.1997418404
1630.7892756462	0.9807102084	4.1997418404
1631.7893333435	0.9793494940	4.1997418404
1632.7893900871	0.9782176018	4.1997418404
1633.7894477844	0.9768397212	4.1997418404
1634.7895045280	0.9755235314	4.1997418404
1635.7895622253	0.9743313193	4.1997418404
1636.7896189690	0.9731013775	4.1997418404
1637.7896766663	0.9719535708	4.1997418404
1638.7897334099	0.9707922339	4.1997418404
1639.7897911072	0.9697934985	4.1997418404
1640.7898478508	0.9685203433	4.1997418404
1641.7899050713	0.9673908949	4.1997418404
1642.7899622917	0.9663887620	4.1997418404
1643.7900195122	0.9652029276	4.1997418404
1644.7890763283	0.9640701413	4.1997418404
1645.7891335487	0.9628882408	4.1997418404
1646.7891907692	0.9618293047	4.1997418404
1647.7892479897	0.9608014226	4.1997418404
1648.7893052101	0.9597120881	4.1997418404
1649.7893624306	0.9586600065	4.1997418404
1650.7894196510	0.9577035904	4.1997418404
1651.7894768715	0.9565727115	4.1997418404
1652.7895340919	0.9555094242	4.1997418404
1653.7895913124	0.9544911385	4.1997418404
1654.7896485329	0.9534773231	4.1997418404
1655.7897057533	0.9525130391	4.1997418404
1656.7897629738	0.9513329268	4.1997418404
1657.7898201942	0.9504569173	4.1997418404
1658.7898774147	0.9494410157	4.1997418404
1659.7899346352	0.9482696652	4.1997418404
1660.7899918556	0.9473658204	4.1997418404
1661.7890486717	0.9462574124	4.1997418404
1662.7891058922	0.9454615116	4.1997418404
1663.7891631126	0.9443539977	4.1997418404
1664.7892203331	0.9433900714	4.1997418404
1665.7892775536	0.9424542189	4.1997418404
1666.7893347740	0.9414494634	4.1997418404
1667.7893919945	0.9405685067	4.1997418404
1668.7894492149	0.9395444393	4.1997418404
1669.7895064354	0.9385398030	4.1997418404
1670.7895636559	0.9375835061	4.1997418404
1671.7896208763	0.9367591739	4.1997418404
1672.7896780968	0.9357047677	4.1997418404
1673.7897353172	0.9346514940	4.1997418404
1674.7897925377	0.9336060882	4.1997418404
1675.7898497581	0.9326406121	4.1997418404
1676.7899069786	0.9318152070	4.1997418404
1677.7899641991	0.9307065010	4.1997418404
1678.7900214195	0.9298810959	4.1997418404
1679.7890787125	0.9288833737	4.1997418404
1680.7891354561	0.9278429747	4.1997418404
1681.7891926765	0.9270818233	4.1997418404
1682.7892498970	0.9261280298	4.1997418404
1683.7893071175	0.9252095222	4.1997418404
1684.7893643379	0.9241873026	4.1997418404
1685.7894215584	0.9233289361	4.1997418404
1686.7894787788	0.9223855734	4.1997418404
1687.7895359993	0.9214705825	4.1997418404
1688.7895932198	0.9206574559	4.1997418404
1689.7896504402	0.9196107388	4.1997418404
1690.7897076607	0.9185989499	4.1997418404
1691.7897648811	0.9178598523	4.1997418404
1692.7898221016	0.9169258475	4.1997418404
1693.7898793221	0.9160159230	4.1997418404
1694.7899365425	0.9149651527	4.1997418404
1695.7899937630	0.9140267968	4.1997418404
1696.7890510559	0.9130796790	4.1997418404
1697.7891082764	0.9122461677	4.1997418404
1698.7891654968	0.9113872051	4.1997418404
1699.7892227173	0.9104058743	4.1997418404
1700.7892794609	0.9094715714	4.1997418404
1701.7893366814	0.9087196589	4.1997418404
1702.7893939018	0.9076636434	4.1997418404
1703.7894511223	0.9068137407	4.1997418404
1704.7895083427	0.9059470296	4.1997418404
1705.7895655632	0.9050359130	4.1997418404
1706.7896227837	0.9041256905	4.1997418404
1707.7896800041	0.9031635523	4.1997418404
1708.7897372246	0.9024447203	4.1997418404
1709.7897944450	0.9014703035	4.1997418404
1710.7898516655	0.9005105495	4.1997418404
1711.7899088860	0.8996189833	4.1997418404
1712.7899661064	0.8986569643	4.1997418404
1713.7900233269	0.8978974819	4.1997418404
1714.7890806198	0.8969961405	4.1997418404
1715.7891378403	0.8959941864	4.1997418404
1716.7891950607	0.8951046467	4.1997418404
1717.7892522812	0.8942382336	4.1997418404
1718.7893095016	0.8934469223	4.1997418404
1719.7893667221	0.8924434185	4.1997418404
1720.7894234657	0.8916051388	4.1997418404
1721.7894806862	0.8906778097	4.1997418404
1722.7895379066	0.8897934556	4.1997418404
1723.7895951271	0.8888459802	4.1997418404
1724.7896523476	0.8879892826	4.1997418404
1725.7897095680	0.8871120214	4.1997418404
1726.7897667885	0.8861719370	4.1997418404
1727.7898240089	0.8853471875	4.1997418404
1728.7898812294	0.8843954802	4.1997418404
1729.7899384499	0.8836621642	4.1997418404
1730.7899956703	0.8826560974	4.1997418404
1731.7890524864	0.8819153905	4.1997418404
1732.7891101837	0.8809701800	4.1997418404
1733.7891669273	0.8801345229	4.1997418404
1734.7892246246	0.8792591691	4.1997418404
1735.7892813683	0.8783968687	4.1997418404
1736.7893390656	0.8774963021	4.1997418404
1737.7893958092	0.8766012788	4.1997418404
1738.7894535065	0.8757516146	4.1997418404
1739.7895102501	0.8747419119	4.1997418404
1740.7895674706	0.8739565611	4.1997418404
1741.7896246910	0.8731475472	4.1997418404
1742.7896819115	0.8721333742	4.1997418404
1743.7897386551	0.8713368177	4.1997418404
1744.7897963524	0.8702789545	4.1997418404
1745.7898530960	0.8695048094	4.1997418404
1746.7899107933	0.8687682748	4.1997418404
1747.7899675369	0.8677979112	4.1997418404
1748.7900252342	0.8670063615	4.1997418404
1749.7890820503	0.8660817146	4.1997418404
1750.7891397476	0.8651611209	4.1997418404
1751.7891964912	0.8644081354	4.1997418404
1752.7892541885	0.8634812236	4.1997418404
1753.7893109322	0.8625941873	4.1997418404
1754.7893686295	0.8618192673	4.1997418404
1755.7894253731	0.8608454466	4.1997418404
1756.7894830704	0.8600232601	4.1997418404
1757.7895398140	0.8590606451	4.1997418404
1758.7895975113	0.8582428098	4.1997418404
1759.7896542549	0.8574026227	4.1997418404
1760.7897114754	0.8564849496	4.1997418404
1761.7897686958	0.8556290865	4.1997418404
1762.7898259163	0.8547776937	4.1997418404
1763.7898826599	0.8540120721	4.1997418404
1764.7899403572	0.8530788422	4.1997418404
1765.7899971008	0.8522767425	4.1997418404
1766.7890543938	0.8513706326	4.1997418404
1767.7891116142	0.8504324555	4.1997418404
1768.7891688347	0.8497223854	4.1997418404
1769.7892260551	0.8488630652	4.1997418404
1770.7892832756	0.8480516076	4.1997418404
1771.7893404961	0.8471289277	4.1997418404
1772.7893977165	0.8463197351	4.1997418404
1773.7894549370	0.8454222679	4.1997418404
1774.7895121574	0.8445129991	4.1997418404
1775.7895693779	0.8437860012	4.1997418404
1776.7896265984	0.8429049253	4.1997418404
1777.7896838188	0.8419917226	4.1997418404
1778.7897410393	0.8410717845	4.1997418404
1779.7897982597	0.8403508067	4.1997418404
1780.7898554802	0.8393823504	4.1997418404
1781.7899127007	0.8386550546	4.1997418404
1782.7899699211	0.8376795053	4.1997418404
1783.7900266647	0.8368940353	4.1997418404
1784.7900838852	0.8360823989	4.1997418404
1785.7901411057	0.8353367448	4.1997418404
1786.7901983261	0.8343082070	4.1997418404
1787.7902555466	0.8336106539	4.1997418404
1788.7903127670	0.8326107860	4.1997418404
1789.7903699875	0.8318880796	4.1997418404
1790.7904272079	0.8309549093	4.1997418404
1791.7904844284	0.8301644921	4.1997418404
1792.7905416489	0.8293532133	4.1997418404
1793.7905988693	0.8284480572	4.1997418404
1794.7906560898	0.8277471662	4.1997418404
1795.7907133102	0.8267858028	4.1997418404
1796.7907705307	0.8260827661	4.1997418404
1797.7908277512	0.8252070546	4.1997418404
1798.7908849716	0.8243154883	4.1997418404
1799.7909421921	0.8235967159	4.1997418404
1800.7909994125	0.8226926923	4.1997418404
1801.7900567055	0.8219012022	4.1997418404
1802.7901139259	0.8210600019	4.1997418404
1803.7901706696	0.8202329874	4.1997418404
1804.7902278900	0.8193653822	4.1997418404
1805.7902851105	0.8184960485	4.1997418404
1806.7903423309	0.8177386522	4.1997418404
1807.7903995514	0.8168982863	4.1997418404
1808.7904567719	0.8158401847	4.1997418404
1809.7905139923	0.8150837421	4.1997418404
1810.7905712128	0.8141762614	4.1997418404
1811.7906284332	0.8134738207	4.1997418404
1812.7906856537	0.8126904368	4.1997418404
1813.7907428741	0.8117697835	4.1997418404
1814.7908000946	0.8109434843	4.1997418404
1815.7908573151	0.8100526333	4.1997418404
1816.7909145355	0.8092388511	4.1997418404
1817.7909717560	0.8084231615	4.1997418404
1818.7900290489	0.8076478839	4.1997418404
1819.7900862694	0.8067553043	4.1997418404
1820.7901434898	0.8059489131	4.1997418404
1821.7902007103	0.8050676584	4.1997418404
1822.7902574539	0.8042522669	4.1997418404
1823.7903146744	0.8034594655	4.1997418404
1824.7903718948	0.8026245832	4.1997418404
1825.7904291153	0.8019033074	4.1997418404
1826.7904863358	0.8010672331	4.1997418404
1827.7905435562	0.8001680374	4.1997418404
1828.7906007767	0.7995296717	4.1997418404
1829.7906579971	0.7985054255	4.1997418404
1830.7907152176	0.7977361679	4.1997418404
1831.7907724380	0.7970311642	4.1997418404
1832.7908296585	0.7960744500	4.1997418404
1833.7908868790	0.7951951623	4.1997418404
1834.7909440994	0.7942734361	4.1997418404
1835.7910013199	0.7936027646	4.1997418404
1836.7900586128	0.7926632166	4.1997418404
1837.7901158333	0.7918854952	4.1997418404
1838.7901730537	0.7910971045	4.1997418404
1839.7902302742	0.7902330160	4.1997418404
1840.7902874947	0.7895773053	4.1997418404
1841.7903447151	0.7887363434	4.1997418404
1842.7904014587	0.7878752351	4.1997418404
1843.7904586792	0.7871209383	4.1997418404
1844.7905158997	0.7861831188	4.1997418404
1845.7905731201	0.7854098082	4.1997418404
1846.7906303406	0.7845585942	4.1997418404
1847.7906875610	0.7838003039	4.1997418404
1848.7907447815	0.7829114795	4.1997418404
1849.7908020020	0.7821846008	4.1997418404
1850.7908592224	0.7814409733	4.1997418404
1851.7909164429	0.7805295587	4.1997418404
1852.7909736633	0.7798222303	4.1997418404
1853.7900309563	0.7787734866	4.1997418404
1854.7900881767	0.7781264186	4.1997418404
1855.7901453972	0.7773452401	4.1997418404
1856.7902026176	0.7764762044	4.1997418404
1857.7902598381	0.7755912542	4.1997418404
1858.7903170586	0.7748592496	4.1997418404
1859.7903742790	0.7738140225	4.1997418404
1860.7904314995	0.7732447386	4.1997418404
1861.7904887199	0.7724389434	4.1997418404
1862.7905454636	0.7715568542	4.1997418404
1863.7906026840	0.7706443071	4.1997418404
1864.7906599045	0.7699561119	4.1997418404
1865.7907171249	0.7690077424	4.1997418404
1866.7907743454	0.7682897449	4.1997418404
1867.7908315659	0.7674822211	4.1997418404
1868.7908887863	0.7666360736	4.1997418404
1869.7909460068	0.7660027742	4.1997418404
1870.7910032272	0.7650349140	4.1997418404
1871.7900605202	0.7642254829	4.1997418404
1872.7901172638	0.7633659244	4.1997418404
1873.7901749611	0.7627165914	4.1997418404
1874.7902317047	0.7618026733	4.1997418404
1875.7902894020	0.7610391974	4.1997418404
1876.7903461456	0.7600804567	4.1997418404
1877.7904038429	0.7593224645	4.1997418404
1878.7904605865	0.7585338950	4.1997418404
1879.7905182838	0.7577974796	4.1997418404
1880.7905750275	0.7569757104	4.1997418404
1881.7906327248	0.7561709285	4.1997418404
1882.7906894684	0.7553180456	4.1997418404
1883.7907466888	0.7545542121	4.1997418404
1884.7908039093	0.7538576722	4.1997418404
1885.7908611298	0.7529361844	4.1997418404
1886.7909178734	0.7521418929	4.1997418404
1887.7909755707	0.7512006164	4.1997418404
1888.7900323868	0.7504615188	4.1997418404
1889.7900900841	0.7496538758	4.1997418404
1890.7901468277	0.7488822341	4.1997418404
1891.7902045250	0.7479954958	4.1997418404
1892.7902612686	0.7471807003	4.1997418404
1893.7903189659	0.7462918162	4.1997418404
1894.7903757095	0.7456135750	4.1997418404
1895.7904334068	0.7448251247	4.1997418404
1896.7904901505	0.7438342571	4.1997418404
1897.7905478477	0.7431765199	4.1997418404
1898.7906045914	0.7422490120	4.1997418404
1899.7906622887	0.7415329218	4.1997418404
1900.7907190323	0.7406935096	4.1997418404
1901.7907762527	0.7398557663	4.1997418404
1902.7908334732	0.7391125560	4.1997418404
1903.7908906937	0.7382652760	4.1997418404
1904.7909479141	0.7375273108	4.1997418404
1905.7910051346	0.7366618514	4.1997418404
1906.7900619507	0.7358752489	4.1997418404
1907.7901191711	0.7350369692	4.1997418404
1908.7901763916	0.7342397571	4.1997418404
1909.7902336121	0.7333567739	4.1997418404
1910.7902908325	0.7327470779	4.1997418404
1911.7903480530	0.7319883108	4.1997418404
1912.7904052734	0.7310454249	4.1997418404
1913.7904624939	0.7303830981	4.1997418404
1914.7905197144	0.7296653986	4.1997418404
1915.7905769348	0.7287845612	4.1997418404
1916.7906341553	0.7281016111	4.1997418404
1917.7906913757	0.7272592187	4.1997418404
1918.7907485962	0.7264050245	4.1997418404
1919.7908058167	0.7256036401	4.1997418404
1920.7908630371	0.7248297930	4.1997418404
1921.7909202576	0.7239507437	4.1997418404
1922.7909774780	0.7232363224	4.1997418404
1923.7900342941	0.7224161625	4.1997418404
1924.7900915146	0.7216503024	4.1997418404
1925.7901487350	0.7208046913	4.1997418404
1926.7902059555	0.7200960517	4.1997418404
1927.7902631760	0.7192548513	4.1997418404
1928.7903203964	0.7183412910	4.1997418404
1929.7903776169	0.7177043557	4.1997418404
1930.7904348373	0.7168791890	4.1997418404
1931.7904920578	0.7160131931	4.1997418404
1932.7905492783	0.7152153254	4.1997418404
1933.7906064987	0.7144972682	4.1997418404
1934.7906637192	0.7137328386	4.1997418404
1935.7907209396	0.7129304409	4.1997418404
1936.7907781601	0.7120358944	4.1997418404
1937.7908353806	0.7112641931	4.1997418404
1938.7908926010	0.7104465961	4.1997418404
1939.7909498215	0.7096862197	4.1997418404
1940.7910070419	0.7088766098	4.1997418404
1941.7900638580	0.7079524994	4.1997418404
1942.7901210785	0.7071840167	4.1997418404
1943.7901782990	0.7065113187	4.1997418404
1944.7902355194	0.7057101727	4.1997418404
1945.7902927399	0.7049016356	4.1997418404
1946.7903499603	0.7040803432	4.1997418404
1947.7904071808	0.7033035755	4.1997418404
1948.7904644012	0.7025914788	4.1997418404
1949.7905216217	0.7017533183	4.1997418404
1950.7905788422	0.7010961771	4.1997418404
1951.7906360626	0.7002086043	4.1997418404
1952.7906932831	0.6994719505	4.1997418404
1953.7907505035	0.6985235810	4.1997418404
1954.7908077240	0.6978955269	4.1997418404
1955.7908649445	0.6968782544	4.1997418404
1956.7909221649	0.6962279677	4.1997418404
1957.7909793854	0.6954271197	4.1997418404
1958.7900366783	0.6947345138	4.1997418404
1959.7900938988	0.6938444972	4.1997418404
1960.7901511192	0.6929979324	4.1997418404
1961.7902078629	0.6923194528	4.1997418404
1962.7902650833	0.6914244294	4.1997418404
1963.7903223038	0.6908219457	4.1997418404
1964.7903795242	0.6899268031	4.1997418404
1965.7904367447	0.6892143488	4.1997418404
1966.7904939651	0.6883312464	4.1997418404
1967.7905511856	0.6875742674	4.1997418404
1968.7906084061	0.6868599653	4.1997418404
1969.7906656265	0.6858875751	4.1997418404
1970.7907228470	0.6852489114	4.1997418404
1971.7907800674	0.6843740344	4.1997418404
1972.7908372879	0.6837286353	4.1997418404
1973.7908945084	0.6830590963	4.1997418404
1974.7909517288	0.6821592450	4.1997418404
1975.7910089493	0.6813642383	4.1997418404
1976.7900662422	0.6805821657	4.1997418404
1977.7901234627	0.6799650788	4.1997418404
1978.7901806831	0.6790678501	4.1997418404
1979.7902379036	0.6782833338	4.1997418404
1980.7902951241	0.6775180697	4.1997418404
1981.7903518677	0.6767606139	4.1997418404
1982.7904090881	0.6760156751	4.1997418404
1983.7904663086	0.6752277017	4.1997418404
1984.7905235291	0.6744536757	4.1997418404
1985.7905807495	0.6737385988	4.1997418404
1986.7906379700	0.6729399562	4.1997418404
1987.7906951904	0.6722261310	4.1997418404
1988.7907524109	0.6714759469	4.1997418404
1989.7908096313	0.6707797647	4.1997418404
1990.7908668518	0.6699103117	4.1997418404
1991.7909240723	0.6690648198	4.1997418404
1992.7909812927	0.6683271527	4.1997418404
1993.7900381088	0.6675744653	4.1997418404
1994.7900958061	0.6666836143	4.1997418404
1995.7901525497	0.6658641696	4.1997418404
1996.7902102470	0.6652066708	4.1997418404
1997.7902669907	0.6642250419	4.1997418404
1998.7903246880	0.6636659503	4.1997418404
1999.7903814316	0.6627232432	4.1997418404
2000.7904391289	0.6619535089	4.1997418404
2001.7904958725	0.6613293886	4.1997418404
2002.7905530930	0.6605665088	4.1997418404
2003.7906103134	0.6598519683	4.1997418404
2004.7906675339	0.6589379311	4.1997418404
2005.7907242775	0.6582480669	4.1997418404
2006.7907819748	0.6574416757	4.1997418404
2007.7908387184	0.6567112207	4.1997418404
2008.7908964157	0.6558992863	4.1997418404
2009.7909531593	0.6551784277	4.1997418404
2010.7910108566	0.6542707682	4.1997418404
2011.7900676727	0.6535201669	4.1997418404
2012.7901253700	0.6529864073	4.1997418404
2013.7901821136	0.6521292925	4.1997418404
2014.7902398109	0.6513797641	4.1997418404
2015.7902965546	0.6506808996	4.1997418404
2016.7903542519	0.6498259306	4.1997418404
2017.7904109955	0.6491044760	4.1997418404
2018.7904686928	0.6482975483	4.1997418404
2019.7905254364	0.6474961638	4.1997418404
2020.7905826569	0.6468743086	4.1997418404
2021.7906398773	0.6460491419	4.1997418404
2022.7906970978	0.6452130675	4.1997418404
2023.7907543182	0.6444934011	4.1997418404
2024.7908115387	0.6437621713	4.1997418404
2025.7908682823	0.6429908276	4.1997418404
2026.7909259796	0.6421874762	4.1997418404
2027.7909827232	0.6415273547	4.1997418404
2028.7900400162	0.6408050656	4.1997418404
2029.7900972366	0.6400766969	4.1997418404
2030.7901544571	0.6392953992	4.1997418404
2031.7902116776	0.6386128664	4.1997418404
2032.7902688980	0.6378878951	4.1997418404
2033.7903261185	0.6369993687	4.1997418404
2034.7903833389	0.6362460852	4.1997418404
2035.7904405594	0.6355730891	4.1997418404
2036.7904977798	0.6346427202	4.1997418404
2037.7905550003	0.6340986490	4.1997418404
2038.7906122208	0.6333115697	4.1997418404
2039.7906694412	0.6324398518	4.1997418404
2040.7907266617	0.6318762302	4.1997418404
2041.7907838821	0.6309498549	4.1997418404
2042.7908411026	0.6303250790	4.1997418404
2043.7908983231	0.6295557022	4.1997418404
2044.7909550667	0.6288117766	4.1997418404
2045.7910122871	0.6281347275	4.1997418404
2046.7900695801	0.6273142099	4.1997418404
2047.7901268005	0.6265527010	4.1997418404
2048.7901840210	0.6258441806	4.1997418404
2049.7902412415	0.6251942515	4.1997418404
2050.7902984619	0.6243215203	4.1997418404
2051.7903556824	0.6237311959	4.1997418404
2052.7904129028	0.6228053570	4.1997418404
2053.7904701233	0.6220508814	4.1997418404
2054.7905273438	0.6213640571	4.1997418404
2055.7905845642	0.6206700802	4.1997418404
2056.7906417847	0.6199585795	4.1997418404
2057.7906990051	0.6191405058	4.1997418404
2058.7907562256	0.6184756756	4.1997418404
2059.7908134460	0.6177549958	4.1997418404
2060.7908706665	0.6170887351	4.1997418404
2061.7909278870	0.6162838340	4.1997418404
2062.7909851074	0.6156042814	4.1997418404
2063.7900419235	0.6147944331	4.1997418404
2064.7900991440	0.6140983701	4.1997418404
2065.7901563644	0.6133104563	4.1997418404
2066.7902135849	0.6126288176	4.1997418404
2067.7902708054	0.6118860245	4.1997418404
2068.7903280258	0.6111605167	4.1997418404
2069.7903852463	0.6104049683	4.1997418404
2070.7904424667	0.6095945835	4.1997418404
2071.7904996872	0.6089842916	4.1997418404
2072.7905569077	0.6082363725	4.1997418404
2073.7906141281	0.6074090600	4.1997418404
2074.7906713486	0.6067329049	4.1997418404
2075.7907285690	0.6060844660	4.1997418404
2076.7907857895	0.6050674319	4.1997418404
2077.7908430099	0.6044080853	4.1997418404
2078.7909002304	0.6037346721	4.1997418404
2079.7909574509	0.6030839682	4.1997418404
2080.7910146713	0.6023618579	4.1997418404
2081.7900714874	0.6014956236	4.1997418404
2082.7901287079	0.6008409858	4.1997418404
2083.7901859283	0.6002575159	4.1997418404
2084.7902431488	0.5995125771	4.1997418404
2085.7903003693	0.5987722874	4.1997418404
2086.7903575897	0.5980489850	4.1997418404
2087.7904148102	0.5971850753	4.1997418404
2088.7904720306	0.5967057943	4.1997418404
2089.7905292511	0.5959313512	4.1997418404
2090.7905864716	0.5951677561	4.1997418404
2091.7906436920	0.5944070816	4.1997418404
2092.7907009125	0.5936574936	4.1997418404
2093.7907581329	0.5929612517	4.1997418404
2094.7908153534	0.5922812223	4.1997418404
2095.7908725739	0.5915759206	4.1997418404
2096.7909297943	0.5908164978	4.1997418404
2097.7909870148	0.5900812745	4.1997418404
2098.7900443077	0.5892272592	4.1997418404
2099.7901015282	0.5885432363	4.1997418404
2100.7901582718	0.5879135728	4.1997418404
2101.7902154922	0.5873239040	4.1997418404
2102.7902727127	0.5864700079	4.1997418404
2103.7903299332	0.5857726932	4.1997418404
2104.7903871536	0.5849782825	4.1997418404
2105.7904443741	0.5843784213	4.1997418404
2106.7905015945	0.5837730169	4.1997418404
2107.7905588150	0.5830487609	4.1997418404
2108.7906160355	0.5823258758	4.1997418404
2109.7906732559	0.5816864967	4.1997418404
2110.7907304764	0.5809544325	4.1997418404
2111.7907876968	0.5801820755	4.1997418404
2112.7908449173	0.5793436766	4.1997418404
2113.7909021378	0.5787969828	4.1997418404
2114.7909593582	0.5781068206	4.1997418404
2115.7910165787	0.5773765445	4.1997418404
2116.7900733948	0.5766192675	4.1997418404
2117.7901310921	0.5760714412	4.1997418404
2118.7901878357	0.5752731562	4.1997418404
2119.7902450562	0.5746637583	4.1997418404
2120.7903022766	0.5739435554	4.1997418404
2121.7903594971	0.5732775927	4.1997418404
2122.7904167175	0.5725894570	4.1997418404
2123.7904739380	0.5718091130	4.1997418404
2124.7905306816	0.5711396933	4.1997418404
2125.7905883789	0.5705235004	4.1997418404
2126.7906451225	0.5698775053	4.1997418404
2127.7907028198	0.5691759586	4.1997418404
2128.7907595634	0.5684715509	4.1997418404
2129.7908172607	0.5678336620	4.1997418404
2130.7908740044	0.5670972466	4.1997418404
2131.7909317017	0.5664395690	4.1997418404
2132.7909884453	0.5656263828	4.1997418404
2133.7900462151	0.5649467111	4.1997418404
2134.7901029587	0.5642176270	4.1997418404
2135.7901606560	0.5637501478	4.1997418404
2136.7902173996	0.5629866719	4.1997418404
2137.7902750969	0.5624368787	4.1997418404
2138.7903318405	0.5618544817	4.1997418404
2139.7903890610	0.5609726310	4.1997418404
2140.7904462814	0.5604251027	4.1997418404
2141.7905035019	0.5597272515	4.1997418404
2142.7905607224	0.5591961741	4.1997418404
2143.7906179428	0.5584056973	4.1997418404
2144.7906746864	0.5576474667	4.1997418404
2145.7907323837	0.5570901036	4.1997418404
2146.7907891273	0.5563938618	4.1997418404
2147.7908468246	0.5557319522	4.1997418404
2148.7909035683	0.5549473166	4.1997418404
2149.7909612656	0.5542013645	4.1997418404
2150.7910180092	0.5534300804	4.1997418404
2151.7900753021	0.5529417396	4.1997418404
2152.7901325226	0.5523344278	4.1997418404
2153.7901897430	0.5516263843	4.1997418404
2154.7902469635	0.5509113073	4.1997418404
2155.7903041840	0.5502020121	4.1997418404
2156.7903614044	0.5495662093	4.1997418404
2157.7904186249	0.5489339828	4.1997418404
2158.7904758453	0.5483510494	4.1997418404
2159.7905330658	0.5475565791	4.1997418404
2160.7905902863	0.5468792319	4.1997418404
2161.7906475067	0.5462933779	4.1997418404
2162.7907047272	0.5456292033	4.1997418404
2163.7907614708	0.5449965000	4.1997418404
2164.7908186913	0.5442709327	4.1997418404
2165.7908759117	0.5435582399	4.1997418404
2166.7909331322	0.5428178310	4.1997418404
2167.7909903526	0.5423743725	4.1997418404
2168.7900476456	0.5416471362	4.1997418404
2169.7901048660	0.5409627557	4.1997418404
2170.7901620865	0.5402676463	4.1997418404
2171.7902193069	0.5395836234	4.1997418404
2172.7902765274	0.5390704870	4.1997418404
2173.7903337479	0.5384516716	4.1997418404
2174.7903909683	0.5377963185	4.1997418404
2175.7904481888	0.5371212363	4.1997418404
2176.7905054092	0.5364851952	4.1997418404
2177.7905626297	0.5358734727	4.1997418404
2178.7906198502	0.5352345109	4.1997418404
2179.7906770706	0.5346447825	4.1997418404
2180.7907342911	0.5339949131	4.1997418404
2181.7907915115	0.5332671404	4.1997418404
2182.7908482552	0.5325722098	4.1997418404
2183.7909054756	0.5318316221	4.1997418404
2184.7909626961	0.5312334299	4.1997418404
2185.7910199165	0.5307069421	4.1997418404
2186.7900772095	0.5300261378	4.1997418404
2187.7901344299	0.5294353366	4.1997418404
2188.7901916504	0.5287601948	4.1997418404
2189.7902488708	0.5282360911	4.1997418404
2190.7903060913	0.5275181532	4.1997418404
2191.7903633118	0.5269654989	4.1997418404
2192.7904205322	0.5261788964	4.1997418404
2193.7904777527	0.5256010890	4.1997418404
2194.7905349731	0.5250209570	4.1997418404
2195.7905921936	0.5243369937	4.1997418404
2196.7906494141	0.5236849785	4.1997418404
2197.7907066345	0.5231114030	4.1997418404
2198.7907638550	0.5223858953	4.1997418404
2199.7908210754	0.5219197869	4.1997418404
2200.7908782959	0.5212313533	4.1997418404
2201.7909355164	0.5204880238	4.1997418404
2202.7909922600	0.5199252367	4.1997418404
2203.7900495529	0.5192874074	4.1997418404
2204.7901067734	0.5187017322	4.1997418404
2205.7901639938	0.5181903839	4.1997418404
2206.7902212143	0.5174865127	4.1997418404
2207.7902784348	0.5167456269	4.1997418404
2208.7903356552	0.5163015127	4.1997418404
2209.7903928757	0.5155341029	4.1997418404
2210.7904500961	0.5148223042	4.1997418404
2211.7905073166	0.5143088698	4.1997418404
2212.7905645370	0.5138238668	4.1997418404
2213.7906217575	0.5131298304	4.1997418404
2214.7906789780	0.5125328302	4.1997418404
2215.7907361984	0.5117532015	4.1997418404
2216.7907934189	0.5112187266	4.1997418404
2217.7908506393	0.5107322335	4.1997418404
2218.7909078598	0.5099967122	4.1997418404
2219.7909650803	0.5095630288	4.1997418404
2220.7910223007	0.5088734031	4.1997418404
2221.7900791168	0.5084069967	4.1997418404
2222.7901363373	0.5076082349	4.1997418404
2223.7901935577	0.5071354508	4.1997418404
2224.7902507782	0.5065446496	4.1997418404
2225.7903079987	0.5058557391	4.1997418404
2226.7903652191	0.5053060651	4.1997418404
2227.7904224396	0.5048515797	4.1997418404
2228.7904796600	0.5040576458	4.1997418404
2229.7905368805	0.5035445690	4.1997418404
2230.7905941010	0.5028101802	4.1997418404
2231.7906513214	0.5022517443	4.1997418404
2232.7907085419	0.5016629100	4.1997418404
2233.7907657623	0.5011023283	4.1997418404
2234.7908229828	0.5003697872	4.1997418404
2235.7908802032	0.4999402165	4.1997418404
2236.7909374237	0.4993533790	4.1997418404
2237.7909946442	0.4986900687	4.1997418404
2238.7900514603	0.4979822636	4.1997418404
2239.7901086807	0.4974040687	4.1997418404
2240.7901659012	0.4970580935	4.1997418404
2241.7902231216	0.4963207245	4.1997418404
2242.7902803421	0.4959047139	4.1997418404
2243.7903370857	0.4951979518	4.1997418404
2244.7903947830	0.4946373701	4.1997418404
2245.7904515266	0.4940467775	4.1997418404
2246.7905092239	0.4934381247	4.1997418404
2247.7905659676	0.4928124249	4.1997418404
2248.7906236649	0.4922727644	4.1997418404
2249.7906804085	0.4917945564	4.1997418404
2250.7907381058	0.4911432564	4.1997418404
2251.7907948494	0.4905484319	4.1997418404
2252.7908525467	0.4900269508	4.1997418404
2253.7909092903	0.4893921614	4.1997418404
2254.7909669876	0.4887828529	4.1997418404
2255.7910237312	0.4882219136	4.1997418404
2256.7900815010	0.4877175987	4.1997418404
2257.7901382446	0.4870349467	4.1997418404
2258.7901954651	0.4865537584	4.1997418404
2259.7902526855	0.4858312309	4.1997418404
2260.7903099060	0.4851729274	4.1997418404
2261.7903671265	0.4847183526	4.1997418404
2262.7904243469	0.4843028486	4.1997418404
2263.7904810905	0.4836447239	4.1997418404
2264.7905387878	0.4831157029	4.1997418404
2265.7905955315	0.4824368954	4.1997418404
2266.7906532288	0.4818586111	4.1997418404
2267.7907099724	0.4813446105	4.1997418404
2268.7907676697	0.4807723761	4.1997418404
2269.7908244133	0.4801943898	4.1997418404
2270.7908821106	0.4796275198	4.1997418404
2271.7909388542	0.4790474176	4.1997418404
2272.7909965515	0.4784408808	4.1997418404
2273.7900533676	0.4778364897	4.1997418404
2274.7901105881	0.4773469865	4.1997418404
2275.7901678085	0.4768317640	4.1997418404
2276.7902250290	0.4762213230	4.1997418404
2277.7902822495	0.4756595790	4.1997418404
2278.7903394699	0.4751323760	4.1997418404
2279.7903966904	0.4745818377	4.1997418404
2280.7904539108	0.4741496444	4.1997418404
2281.7905106544	0.4734457135	4.1997418404
2282.7905678749	0.4731054008	4.1997418404
2283.7906250954	0.4723504484	4.1997418404
2284.7906823158	0.4717758000	4.1997418404
2285.7907395363	0.4712390602	4.1997418404
2286.7907967567	0.4707134664	4.1997418404
2287.7908539772	0.4700976014	4.1997418404
2288.7909111977	0.4695834816	4.1997418404
2289.7909684181	0.4689453244	4.1997418404
2290.7910256386	0.4683760703	4.1997418404
2291.7900829315	0.4678229392	4.1997418404
2292.7901401520	0.4673275352	4.1997418404
2293.7901973724	0.4666824341	4.1997418404
2294.7902545929	0.4662793279	4.1997418404
2295.7903118134	0.4656403661	4.1997418404
2296.7903690338	0.4652347863	4.1997418404
2297.7904262543	0.4647079110	4.1997418404
2298.7904834747	0.4639972150	4.1997418404
2299.7905406952	0.4635282457	4.1997418404
2300.7905979156	0.4631057382	4.1997418404
2301.7906546593	0.4625450671	4.1997418404
2302.7907118797	0.4618940055	4.1997418404
2303.7907691002	0.4614041746	4.1997418404
2304.7908263206	0.4609197974	4.1997418404
2305.7908835411	0.4604122341	4.1997418404
2306.7909407616	0.4599709511	4.1997418404
2307.7909979820	0.4593997300	4.1997418404
2308.7900552750	0.4587549567	4.1997418404
2309.7901124954	0.4582997561	4.1997418404
2310.7901697159	0.4577970505	4.1997418404
2311.7902269363	0.4572353661	4.1997418404
2312.7902841568	0.4565159678	4.1997418404
2313.7903413773	0.4561422467	4.1997418404
2314.7903985977	0.4556208551	4.1997418404
2315.7904558182	0.4551765323	4.1997418404
2316.7905130386	0.4545476437	4.1997418404
2317.7905702591	0.4540667236	4.1997418404
2318.7906274796	0.4535482824	4.1997418404
2319.7906847000	0.4529901743	4.1997418404
2320.7907419205	0.4526945949	4.1997418404
2321.7907986641	0.4520021975	4.1997418404
2322.7908558846	0.4515252411	4.1997418404
2323.7909131050	0.4510526359	4.1997418404
2324.7909703255	0.4503594935	4.1997418404
2325.7900276184	0.4499122798	4.1997418404
2326.7900848389	0.4495006204	4.1997418404
2327.7901420593	0.4489296973	4.1997418404
2328.7901992798	0.4483599961	4.1997418404
2329.7902565002	0.4480719268	4.1997418404
2330.7903137207	0.4474707842	4.1997418404
2331.7903709412	0.4469804168	4.1997418404
2332.7904281616	0.4466346204	4.1997418404
2333.7904853821	0.4458917379	4.1997418404
2334.7905426025	0.4454998076	4.1997418404
2335.7905998230	0.4449295998	4.1997418404
2336.7906570435	0.4444105327	4.1997418404
2337.7907142639	0.4438295960	4.1997418404
2338.7907714844	0.4434688389	4.1997418404
2339.7908287048	0.4428680241	4.1997418404
2340.7908859253	0.4423024952	4.1997418404
2341.7909426689	0.4418418407	4.1997418404
2342.7909998894	0.4413888752	4.1997418404
2343.7900571823	0.4410195947	4.1997418404
2344.7901144028	0.4403500855	4.1997418404
2345.7901716232	0.4399177432	4.1997418404
2346.7902288437	0.4394790232	4.1997418404
2347.7902860641	0.4389929175	4.1997418404
2348.7903432846	0.4384721220	4.1997418404
2349.7904005051	0.4379272163	4.1997418404
2350.7904577255	0.4374740720	4.1997418404
2351.7905149460	0.4370732307	4.1997418404
2352.7905721664	0.4365040362	4.1997418404
2353.7906293869	0.4360949993	4.1997418404
2354.7906866074	0.4355560243	4.1997418404
2355.7907438278	0.4350728095	4.1997418404
2356.7908010483	0.4344646037	4.1997418404
2357.7908582687	0.4340509772	4.1997418404
2358.7909154892	0.4336071908	4.1997418404
2359.7909727097	0.4331369996	4.1997418404
2360.7900295258	0.4325844646	4.1997418404
2361.7900867462	0.4321370423	4.1997418404
2362.7901434898	0.4316457212	4.1997418404
2363.7902011871	0.4311803281	4.1997418404
2364.7902579308	0.4306271672	4.1997418404
2365.7903156281	0.4301645458	4.1997418404
2366.7903723717	0.4297804832	4.1997418404
2367.7904300690	0.4292452931	4.1997418404
2368.7904868126	0.4288060963	4.1997418404
2369.7905445099	0.4282977283	4.1997418404
2370.7906012535	0.4278058708	4.1997418404
2371.7906589508	0.4272527695	4.1997418404
2372.7907156944	0.4269086123	4.1997418404
2373.7907733917	0.4264064133	4.1997418404
2374.7908301353	0.4259815216	4.1997418404
2375.7908878326	0.4254883826	4.1997418404
2376.7909445763	0.4248987436	4.1997418404
2377.7910022736	0.4244675636	4.1997418404
2378.7900590897	0.4241317809	4.1997418404
2379.7901163101	0.4236041307	4.1997418404
2380.7901730537	0.4230877757	4.1997418404
2381.7902307510	0.4226581156	4.1997418404
2382.7902874947	0.4222865403	4.1997418404
2383.7903451920	0.4217337072	4.1997418404
2384.7904019356	0.4213801026	4.1997418404
2385.7904596329	0.4208960235	4.1997418404
2386.7905163765	0.4204281867	4.1997418404
2387.7905740738	0.4199108183	4.1997418404
2388.7906308174	0.4196203053	4.1997418404
2389.7906885147	0.4190390408	4.1997418404
2390.7907452583	0.4185610116	4.1997418404
2391.7908029556	0.4180524945	4.1997418404
2392.7908596992	0.4177931845	4.1997418404
2393.7909173965	0.4173763990	4.1997418404
2394.7909741402	0.4167838097	4.1997418404
2395.7900314331	0.4163391888	4.1997418404
2396.7900886536	0.4159080386	4.1997418404
2397.7901458740	0.4153544605	4.1997418404
2398.7902030945	0.4149461389	4.1997418404
2399.7902603149	0.4144961536	4.1997418404
2400.7903170586	0.4141048491	4.1997418404
2401.7903742790	0.4136905074	4.1997418404
2402.7904314995	0.4131538570	4.1997418404
2403.7904887199	0.4126178324	4.1997418404
2404.7905459404	0.4122333825	4.1997418404
2405.7906031609	0.4117984772	4.1997418404
2406.7906603813	0.4114878476	4.1997418404
2407.7907176018	0.4109667838	4.1997418404
2408.7907748222	0.4106269479	4.1997418404
2409.7908320427	0.4100728333	4.1997418404
2410.7908892632	0.4096160829	4.1997418404
2411.7909464836	0.4091036916	4.1997418404
2412.7910037041	0.4086727798	4.1997418404
2413.7900609970	0.4081624150	4.1997418404
2414.7901182175	0.4078190029	4.1997418404
2415.7901754379	0.4073920846	4.1997418404
2416.7902326584	0.4069684148	4.1997418404
2417.7902898788	0.4065440893	4.1997418404
2418.7903470993	0.4061239362	4.1997418404
2419.7904043198	0.4057139754	4.1997418404
2420.7904610634	0.4052774310	4.1997418404
2421.7905182838	0.4048058391	4.1997418404
2422.7905755043	0.4043708444	4.1997418404
2423.7906327248	0.4038712680	4.1997418404
2424.7906899452	0.4034350514	4.1997418404
2425.7907471657	0.4030781090	4.1997418404
2426.7908043861	0.4026666284	4.1997418404
2427.7908616066	0.4023429155	4.1997418404
2428.7909188271	0.4017786980	4.1997418404
2429.7909760475	0.4014976919	4.1997418404
2430.7900333405	0.4009033740	4.1997418404
2431.7900905609	0.4004997015	4.1997418404
2432.7901477814	0.4001531005	4.1997418404
2433.7902050018	0.3997680843	4.1997418404
2434.7902622223	0.3993782401	4.1997418404
2435.7903194427	0.3989399076	4.1997418404
2436.7903766632	0.3984937072	4.1997418404
2437.7904338837	0.3981260955	4.1997418404
2438.7904911041	0.3975668252	4.1997418404
2439.7905483246	0.3972016871	4.1997418404
2440.7906050682	0.3968822956	4.1997418404
2441.7906622887	0.3964384794	4.1997418404
2442.7907195091	0.3960404396	4.1997418404
2443.7907767296	0.3956440389	4.1997418404
2444.7908339500	0.3951272070	4.1997418404
2445.7908911705	0.3947608173	4.1997418404
2446.7909483910	0.3943678439	4.1997418404
2447.7910056114	0.3939524591	4.1997418404
2448.7900629044	0.3935685456	4.1997418404
2449.7901201248	0.3930501640	4.1997418404
2450.7901773453	0.3926308751	4.1997418404
2451.7902345657	0.3922194242	4.1997418404
2452.7902917862	0.3918704689	4.1997418404
2453.7903490067	0.3914324641	4.1997418404
2454.7904062271	0.3910586536	4.1997418404
2455.7904634476	0.3905553222	4.1997418404
2456.7905206680	0.3901989460	4.1997418404
2457.7905778885	0.3897810876	4.1997418404
2458.7906351089	0.3894278407	4.1997418404
2459.7906918526	0.3889894485	4.1997418404
2460.7907490730	0.3884509504	4.1997418404
2461.7908062935	0.3880012929	4.1997418404
2462.7908635139	0.3875978887	4.1997418404
2463.7909207344	0.3872318268	4.1997418404
2464.7909779549	0.3870043457	4.1997418404
2465.7900352478	0.3866671622	4.1997418404
2466.7900924683	0.3862408698	4.1997418404
2467.7901496887	0.3859138787	4.1997418404
2468.7902069092	0.3853494823	4.1997418404
2469.7902641296	0.3850004971	4.1997418404
2470.7903213501	0.3846342862	4.1997418404
2471.7903785706	0.3841733932	4.1997418404
2472.7904357910	0.3836895823	4.1997418404
2473.7904930115	0.3833328485	4.1997418404
2474.7905502319	0.3829005659	4.1997418404
2475.7906074524	0.3826381266	4.1997418404
2476.7906646729	0.3823187947	4.1997418404
2477.7907218933	0.3818505406	4.1997418404
2478.7907791138	0.3814280033	4.1997418404
2479.7908358574	0.3810870051	4.1997418404
2480.7908930779	0.3807113171	4.1997418404
2481.7909502983	0.3803919554	4.1997418404
2482.7910075188	0.3799481392	4.1997418404
2483.7900643349	0.3795091212	4.1997418404
2484.7901220322	0.3792032599	4.1997418404
2485.7901787758	0.3787357807	4.1997418404
2486.7902364731	0.3785027862	4.1997418404
2487.7902932167	0.3780707717	4.1997418404
2488.7903509140	0.3776326478	4.1997418404
2489.7904076576	0.3772151768	4.1997418404
2490.7904653549	0.3768864572	4.1997418404
2491.7905220985	0.3764082491	4.1997418404
2492.7905797958	0.3760433793	4.1997418404
2493.7906365395	0.3756586015	4.1997418404
2494.7906942368	0.3753487468	4.1997418404
2495.7907509804	0.3750313818	4.1997418404
2496.7908086777	0.3746929169	4.1997418404
2497.7908654213	0.3742285967	4.1997418404
2498.7909231186	0.3739216328	4.1997418404
2499.7909798622	0.3734006286	4.1997418404
2500.7900371552	0.3729889989	4.1997418404
2501.7900938988	0.3725414872	4.1997418404
2502.7901515961	0.3723930717	4.1997418404
2503.7902083397	0.3719847500	4.1997418404
2504.7902660370	0.3717390597	4.1997418404
2505.7903227806	0.3713820577	4.1997418404
2506.7903804779	0.3710041642	4.1997418404
2507.7904372215	0.3704909086	4.1997418404
2508.7904949188	0.3700752556	4.1997418404
2509.7905516624	0.3696934879	4.1997418404
2510.7906093597	0.3694207072	4.1997418404
2511.7906661034	0.3691419065	4.1997418404
2512.7907238007	0.3687807918	4.1997418404
2513.7907805443	0.3683575392	4.1997418404
2514.7908382416	0.3680796921	4.1997418404
2515.7908949852	0.3676754236	4.1997418404
2516.7909526825	0.3671710193	4.1997418404
2517.7910094261	0.3669397235	4.1997418404
2518.7900667191	0.3665859997	4.1997418404
2519.7901234627	0.3661703765	4.1997418404
2520.7901806831	0.3658312261	4.1997418404
2521.7902379036	0.3655434549	4.1997418404
2522.7902951241	0.3650846779	4.1997418404
2523.7903523445	0.3647191226	4.1997418404
2524.7904095650	0.3643486202	4.1997418404
2525.7904667854	0.3640021682	4.1997418404
2526.7905240059	0.3637199998	4.1997418404
2527.7905812263	0.3633743525	4.1997418404
2528.7906384468	0.3628738821	4.1997418404
2529.7906956673	0.3625835776	4.1997418404
2530.7907528877	0.3621580601	4.1997418404
2531.7908101082	0.3618485928	4.1997418404
2532.7908673286	0.3614661396	4.1997418404
2533.7909245491	0.3611133099	4.1997418404
2534.7909817696	0.3608309627	4.1997418404
2535.7900390625	0.3605872989	4.1997418404
2536.7900962830	0.3601378798	4.1997418404
2537.7901535034	0.3597546220	4.1997418404
2538.7902107239	0.3594672382	4.1997418404
2539.7902674675	0.3591035903	4.1997418404
2540.7903246880	0.3587842584	4.1997418404
2541.7903819084	0.3583544493	4.1997418404
2542.7904391289	0.3579139411	4.1997418404
2543.7904963493	0.3575505912	4.1997418404
2544.7905535698	0.3574113548	4.1997418404
2545.7906107903	0.3570789099	4.1997418404
2546.7906680107	0.3566423655	4.1997418404
2547.7907252312	0.3563132584	4.1997418404
2548.7907824516	0.3559838533	4.1997418404
2549.7908396721	0.3557278216	4.1997418404
2550.7908968925	0.3553380072	4.1997418404
2551.7909541130	0.3549692631	4.1997418404
2552.7910113335	0.3545856476	4.1997418404
2553.7900686264	0.3542806506	4.1997418404
2554.7901258469	0.3539777994	4.1997418404
2555.7901830673	0.3536189497	4.1997418404
2556.7902402878	0.3532610834	4.1997418404
2557.7902975082	0.3529292941	4.1997418404
2558.7903547287	0.3526790142	4.1997418404
2559.7904114723	0.3523184359	4.1997418404
2560.7904686928	0.3518999219	4.1997418404
2561.7905259132	0.3515790999	4.1997418404
2562.7905831337	0.3512708247	4.1997418404
2563.7906403542	0.3508465886	4.1997418404
2564.7906975746	0.3505382538	4.1997418404
2565.7907547951	0.3502306044	4.1997418404
2566.7908120155	0.3498443663	4.1997418404
2567.7908692360	0.3494945168	4.1997418404
2568.7909264565	0.3491890132	4.1997418404
2569.7909836769	0.3488557637	4.1997418404
2570.7900409698	0.3485393226	4.1997418404
2571.7900981903	0.3482083678	4.1997418404
2572.7901554108	0.3477439582	4.1997418404
2573.7902126312	0.3474623561	4.1997418404
2574.7902698517	0.3470856547	4.1997418404
2575.7903270721	0.3468751907	4.1997418404
2576.7903842926	0.3465540111	4.1997418404
2577.7904415131	0.3461953700	4.1997418404
2578.7904982567	0.3458500206	4.1997418404
2579.7905554771	0.3455555141	4.1997418404
2580.7906126976	0.3452480137	4.1997418404
2581.7906699181	0.3448297381	4.1997418404
2582.7907271385	0.3444918394	4.1997418404
2583.7907843590	0.3442215025	4.1997418404
2584.7908415794	0.3438529968	4.1997418404
2585.7908987999	0.3435467184	4.1997418404
2586.7909560204	0.3432433605	4.1997418404
2587.7910132408	0.3430085480	4.1997418404
2588.7900705338	0.3425988555	4.1997418404
2589.7901277542	0.3422735035	4.1997418404
2590.7901849747	0.3418572545	4.1997418404
2591.7902421951	0.3417205215	4.1997418404
2592.7902994156	0.3413829803	4.1997418404
2593.7903566360	0.3409838378	4.1997418404
2594.7904138565	0.3406006396	4.1997418404
2595.7904710770	0.3403979242	4.1997418404
2596.7905282974	0.3400533795	4.1997418404
2597.7905855179	0.3397481740	4.1997418404
2598.7906422615	0.3395105898	4.1997418404
2599.7906994820	0.3392370045	4.1997418404
2600.7907567024	0.3388570547	4.1997418404
2601.7908139229	0.3385412991	4.1997418404
2602.7908711433	0.3382611275	4.1997418404
2603.7909283638	0.3379457593	4.1997418404
2604.7909855843	0.3376022577	4.1997418404
2605.7900428772	0.3372831643	4.1997418404
2606.7900996208	0.3369951844	4.1997418404
2607.7901573181	0.3367645442	4.1997418404
2608.7902140617	0.3363179862	4.1997418404
2609.7902717590	0.3358903527	4.1997418404
2610.7903285027	0.3357464075	4.1997418404
2611.7903862000	0.3353771567	4.1997418404
2612.7904429436	0.3350327909	4.1997418404
2613.7905006409	0.3347443044	4.1997418404
2614.7905573845	0.3344442248	4.1997418404
2615.7906150818	0.3341837525	4.1997418404
2616.7906718254	0.3338790834	4.1997418404
2617.7907295227	0.3335141838	4.1997418404
2618.7907862663	0.3332535028	4.1997418404
2619.7908434868	0.3329481184	4.1997418404
2620.7909007072	0.3326908946	4.1997418404
2621.7909579277	0.3323085010	4.1997418404
2622.7910146713	0.3319639862	4.1997418404
2623.7900724411	0.3318292499	4.1997418404
2624.7901291847	0.3313161135	4.1997418404
2625.7901868820	0.3312600851	4.1997418404
2626.7902436256	0.3309217393	4.1997418404
2627.7903013229	0.3305499554	4.1997418404
2628.7903580666	0.3302283287	4.1997418404
2629.7904157639	0.3298616111	4.1997418404
2630.7904725075	0.3295064270	4.1997418404
2631.7905302048	0.3292118013	4.1997418404
2632.7905869484	0.3288776875	4.1997418404
2633.7906446457	0.3286691308	4.1997418404
2634.7907013893	0.3284543455	4.1997418404
2635.7907590866	0.3280857205	4.1997418404
2636.7908158302	0.3278574646	4.1997418404
2637.7908735275	0.3275571167	4.1997418404
2638.7909302711	0.3271961808	4.1997418404
2639.7909874916	0.3269344866	4.1997418404
2640.7900443077	0.3266691864	4.1997418404
2641.7901015282	0.3263586462	4.1997418404
2642.7901587486	0.3260850012	4.1997418404
2643.7902159691	0.3257063031	4.1997418404
2644.7902731895	0.3254847825	4.1997418404
2645.7903304100	0.3251892924	4.1997418404
2646.7903876305	0.3248466551	4.1997418404
2647.7904448509	0.3245564997	4.1997418404
2648.7905020714	0.3241445720	4.1997418404
2649.7905592918	0.3238713145	4.1997418404
2650.7906165123	0.3236926496	4.1997418404
2651.7906737328	0.3234082162	4.1997418404
2652.7907309532	0.3229379654	4.1997418404
2653.7907881737	0.3227136731	4.1997418404
2654.7908453941	0.3224879801	4.1997418404
2655.7909026146	0.3221661747	4.1997418404
2656.7909598351	0.3219494522	4.1997418404
2657.7910170555	0.3216613829	4.1997418404
2658.7900738716	0.3212365806	4.1997418404
2659.7901310921	0.3209964931	4.1997418404
2660.7901883125	0.3206865788	4.1997418404
2661.7902455330	0.3205018044	4.1997418404
2662.7903027534	0.3203017712	4.1997418404
2663.7903599739	0.3199789524	4.1997418404
2664.7904171944	0.3196277916	4.1997418404
2665.7904744148	0.3191877902	4.1997418404
2666.7905316353	0.3190918863	4.1997418404
2667.7905888557	0.3188511431	4.1997418404
2668.7906460762	0.3185644150	4.1997418404
2669.7907032967	0.3182958364	4.1997418404
2670.7907605171	0.3179619014	4.1997418404
2671.7908177376	0.3176328242	4.1997418404
2672.7908749580	0.3173687756	4.1997418404
2673.7909321785	0.3171958327	4.1997418404
2674.7909893990	0.3168896735	4.1997418404
2675.7900466919	0.3164903522	4.1997418404
2676.7901039124	0.3161458373	4.1997418404
2677.7901606560	0.3159233332	4.1997418404
2678.7902178764	0.3156668544	4.1997418404
2679.7902750969	0.3153136671	4.1997418404
2680.7903323174	0.3152015805	4.1997418404
2681.7903895378	0.3149411678	4.1997418404
2682.7904467583	0.3145810068	4.1997418404
2683.7905039787	0.3143597841	4.1997418404
2684.7905611992	0.3140885532	4.1997418404
2685.7906184196	0.3138423562	4.1997418404
2686.7906756401	0.3135205209	4.1997418404
2687.7907328606	0.3132539988	4.1997418404
2688.7907900810	0.3129590154	4.1997418404
2689.7908473015	0.3127599061	4.1997418404
2690.7909045219	0.3123876452	4.1997418404
2691.7909617424	0.3121381998	4.1997418404
2692.7910189629	0.3118775189	4.1997418404
2693.7900762558	0.3115614653	4.1997418404
2694.7901334763	0.3113883734	4.1997418404
2695.7901906967	0.3110364676	4.1997418404
2696.7902479172	0.3107627630	4.1997418404
2697.7903046608	0.3104175329	4.1997418404
2698.7903618813	0.3101510704	4.1997418404
2699.7904191017	0.3099924624	4.1997418404
2700.7904763222	0.3096667528	4.1997418404
2701.7905335426	0.3094450831	4.1997418404
2702.7905907631	0.3092535138	4.1997418404
2703.7906479836	0.3088802993	4.1997418404
2704.7907052040	0.3084548712	4.1997418404
2705.7907624245	0.3083004057	4.1997418404
2706.7908196449	0.3080295622	4.1997418404
2707.7908768654	0.3077724874	4.1997418404
2708.7909340858	0.3075761497	4.1997418404
2709.7909913063	0.3071569204	4.1997418404
2710.7900485992	0.3070038557	4.1997418404
2711.7901058197	0.3067162335	4.1997418404
2712.7901630402	0.3063722551	4.1997418404
2713.7902202606	0.3061339855	4.1997418404
2714.7902774811	0.3057841957	4.1997418404
2715.7903347015	0.3054538965	4.1997418404
2716.7903919220	0.3054496348	4.1997418404
2717.7904486656	0.3052138984	4.1997418404
2718.7905058861	0.3048517704	4.1997418404
2719.7905631065	0.3045731485	4.1997418404
2720.7906203270	0.3043450117	4.1997418404
2721.7906775475	0.3040128648	4.1997418404
2722.7907347679	0.3037486970	4.1997418404
2723.7907919884	0.3034889400	4.1997418404
2724.7908492088	0.3031508923	4.1997418404
2725.7909064293	0.3029279411	4.1997418404
2726.7909636497	0.3026843369	4.1997418404
2727.7910208702	0.3024245501	4.1997418404
2728.7900781631	0.3021297753	4.1997418404
2729.7901349068	0.3018789291	4.1997418404
2730.7901926041	0.3015879393	4.1997418404
2731.7902493477	0.3014135361	4.1997418404
2732.7903070450	0.3010730147	4.1997418404
2733.7903637886	0.3009499609	4.1997418404
2734.7904214859	0.3004639149	4.1997418404
2735.7904782295	0.3003488779	4.1997418404
2736.7905359268	0.3000368774	4.1997418404
2737.7905926704	0.2997283340	4.1997418404
2738.7906498909	0.2995669842	4.1997418404
2739.7907071114	0.2992702127	4.1997418404
2740.7907643318	0.2991359234	4.1997418404
2741.7908210754	0.2987505198	4.1997418404
2742.7908787727	0.2985414565	4.1997418404
2743.7909355164	0.2983212471	4.1997418404
2744.7909932137	0.2979387641	4.1997418404
2745.7900500298	0.2977301180	4.1997418404
2746.7901077271	0.2974700630	4.1997418404
2747.7901644707	0.2972940207	4.1997418404
2748.7902221680	0.2970568240	4.1997418404
2749.7902789116	0.2967178524	4.1997418404
2750.7903366089	0.2964030802	4.1997418404
2751.7903933525	0.2961545885	4.1997418404
2752.7904510498	0.2959073782	4.1997418404
2753.7905077934	0.2956257463	4.1997418404
2754.7905654907	0.2953810692	4.1997418404
2755.7906222343	0.2951743603	4.1997418404
2756.7906794548	0.2949146032	4.1997418404
2757.7907366753	0.2946108282	4.1997418404
2758.7907938957	0.2944162488	4.1997418404
2759.7908511162	0.2941277921	4.1997418404
2760.7909083366	0.2939056754	4.1997418404
2761.7909650803	0.2935922444	4.1997418404
2762.7910227776	0.2933523059	4.1997418404
2763.7900795937	0.2930359840	4.1997418404
2764.7901368141	0.2928523719	4.1997418404
2765.7901940346	0.2926827669	4.1997418404
2766.7902512550	0.2924551070	4.1997418404
2767.7903084755	0.2921441495	4.1997418404
2768.7903656960	0.2919270992	4.1997418404
2769.7904229164	0.2917393446	4.1997418404
2770.7904801369	0.2914477587	4.1997418404
2771.7905373573	0.2912481427	4.1997418404
2772.7905945778	0.2909719348	4.1997418404
2773.7906517982	0.2906796634	4.1997418404
2774.7907090187	0.2904245853	4.1997418404
2775.7907662392	0.2901859879	4.1997418404
2776.7908234596	0.2899305820	4.1997418404
2777.7908806801	0.2896241844	4.1997418404
2778.7909379005	0.2894101143	4.1997418404
2779.7909951210	0.2893137038	4.1997418404
2780.7900519371	0.2890049815	4.1997418404
2781.7901091576	0.2887540162	4.1997418404
2782.7901663780	0.2885010242	4.1997418404
2783.7902235985	0.2883399129	4.1997418404
2784.7902808189	0.2881419361	4.1997418404
2785.7903380394	0.2877942622	4.1997418404
2786.7903952599	0.2876206040	4.1997418404
2787.7904524803	0.2873137593	4.1997418404
2788.7905097008	0.2871118784	4.1997418404
2789.7905669212	0.2868376672	4.1997418404
2790.7906241417	0.2866232693	4.1997418404
2791.7906813622	0.2863067687	4.1997418404
2792.7907385826	0.2861677110	4.1997418404
2793.7907958031	0.2858697474	4.1997418404
2794.7908530235	0.2856409550	4.1997418404
2795.7909102440	0.2853909433	4.1997418404
2796.7909674644	0.2851587832	4.1997418404
2797.7910246849	0.2849619985	4.1997418404
2798.7900815010	0.2847605646	4.1997418404
2799.7901387215	0.2844690681	4.1997418404
2800.7901959419	0.2843143940	4.1997418404
2801.7902531624	0.2840317488	4.1997418404
2802.7903103828	0.2838672996	4.1997418404
2803.7903676033	0.2835712731	4.1997418404
2804.7904248238	0.2832410634	4.1997418404
2805.7904820442	0.2829926908	4.1997418404
2806.7905392647	0.2828612626	4.1997418404
2807.7905964851	0.2825404406	4.1997418404
2808.7906537056	0.2823820412	4.1997418404
2809.7907109261	0.2819470465	4.1997418404
2810.7907681465	0.2817299664	4.1997418404
2811.7908253670	0.2815479934	4.1997418404
2812.7908825874	0.2813061476	4.1997418404
2813.7909398079	0.2811846435	4.1997418404
2814.7909970284	0.2810295522	4.1997418404
2815.7900543213	0.2806234658	4.1997418404
2816.7901110649	0.2803860009	4.1997418404
2817.7901682854	0.2801987529	4.1997418404
2818.7902255058	0.2799638510	4.1997418404
2819.7902827263	0.2797319889	4.1997418404
2820.7903399467	0.2793834805	4.1997418404
2821.7903971672	0.2792752385	4.1997418404
2822.7904543877	0.2790340781	4.1997418404
2823.7905116081	0.2786598206	4.1997418404
2824.7905688286	0.2786054611	4.1997418404
2825.7906260490	0.2784154713	4.1997418404
2826.7906832695	0.2781324983	4.1997418404
2827.7907404900	0.2778064311	4.1997418404
2828.7907977104	0.2776952982	4.1997418404
2829.7908549309	0.2775026262	4.1997418404
2830.7909121513	0.2772756815	4.1997418404
2831.7909693718	0.2770312726	4.1997418404
2832.7910265923	0.2767666578	4.1997418404
2833.7900838852	0.2763863504	4.1997418404
2834.7901411057	0.2762092352	4.1997418404
2835.7901983261	0.2760737240	4.1997418404
2836.7902550697	0.2759324610	4.1997418404
2837.7903122902	0.2756811678	4.1997418404
2838.7903695107	0.2753909230	4.1997418404
2839.7904267311	0.2751685977	4.1997418404
2840.7904839516	0.2748693526	4.1997418404
2841.7905411720	0.2747264802	4.1997418404
2842.7905983925	0.2744714022	4.1997418404
2843.7906556129	0.2741611302	4.1997418404
2844.7907128334	0.2738848627	4.1997418404
2845.7907700539	0.2737137079	4.1997418404
2846.7908272743	0.2735757530	4.1997418404
2847.7908844948	0.2733161151	4.1997418404
2848.7909417152	0.2731632888	4.1997418404
2849.7909989357	0.2728926837	4.1997418404
2850.7900557518	0.2727302313	4.1997418404
2851.7901134491	0.2725100517	4.1997418404
2852.7901701927	0.2722589374	4.1997418404
2853.7902278900	0.2720604837	4.1997418404
2854.7902846336	0.2719573081	4.1997418404
2855.7903418541	0.2715960443	4.1997418404
2856.7903990746	0.2713680863	4.1997418404
2857.7904562950	0.2711834908	4.1997418404
2858.7905135155	0.2708861828	4.1997418404
2859.7905707359	0.2705387473	4.1997418404
2860.7906274796	0.2703632414	4.1997418404
2861.7906851768	0.2702781856	4.1997418404
2862.7907419205	0.2700346112	4.1997418404
2863.7907996178	0.2699399292	4.1997418404
2864.7908563614	0.2696250975	4.1997418404
2865.7909140587	0.2694304585	4.1997418404
2866.7909708023	0.2692308426	4.1997418404
2867.7900285721	0.2690561116	4.1997418404
2868.7900853157	0.2688535154	4.1997418404
2869.7901430130	0.2686759531	4.1997418404
2870.7901997566	0.2684330940	4.1997418404
2871.7902574539	0.2680818737	4.1997418404
2872.7903141975	0.2680053711	4.1997418404
2873.7903718948	0.2678302526	4.1997418404
2874.7904286385	0.2676183283	4.1997418404
2875.7904858589	0.2674262226	4.1997418404
2876.7905430794	0.2671778500	4.1997418404
2877.7906002998	0.2669629455	4.1997418404
2878.7906575203	0.2666508555	4.1997418404
2879.7907147408	0.2663364410	4.1997418404
2880.7907714844	0.2662316859	4.1997418404
2881.7908291817	0.2659767866	4.1997418404
2882.7908859253	0.2657835782	4.1997418404
2883.7909436226	0.2656418383	4.1997418404
2884.7910003662	0.2652920187	4.1997418404
2885.7900576591	0.2651867270	4.1997418404
2886.7901148796	0.2649642527	4.1997418404
2887.7901721001	0.2646837533	4.1997418404
2888.7902293205	0.2644578815	4.1997418404
2889.7902865410	0.2643011510	4.1997418404
2890.7903437614	0.2640651762	4.1997418404
2891.7904009819	0.2636846006	4.1997418404
2892.7904582024	0.2635331452	4.1997418404
2893.7905154228	0.2633672953	4.1997418404
2894.7905726433	0.2631526887	4.1997418404
2895.7906298637	0.2631273270	4.1997418404
2896.7906870842	0.2627411783	4.1997418404
2897.7907443047	0.2625711262	4.1997418404
2898.7908015251	0.2623659670	4.1997418404
2899.7908582687	0.2622275651	4.1997418404
2900.7909154892	0.2620546818	4.1997418404
2901.7909727097	0.2618125975	4.1997418404
2902.7900300026	0.2614797056	4.1997418404
2903.7900872231	0.2614247799	4.1997418404
2904.7901444435	0.2611852586	4.1997418404
2905.7902016640	0.2609314322	4.1997418404
2906.7902588844	0.2607367635	4.1997418404
2907.7903161049	0.2605362833	4.1997418404
2908.7903733253	0.2603928447	4.1997418404
2909.7904305458	0.2601018548	4.1997418404
2910.7904877663	0.2598396242	4.1997418404
2911.7905449867	0.2596797049	4.1997418404
2912.7906022072	0.2594195902	4.1997418404
2913.7906594276	0.2593015134	4.1997418404
2914.7907166481	0.2590294182	4.1997418404
2915.7907738686	0.2587862909	4.1997418404
2916.7908310890	0.2585958242	4.1997418404
2917.7908883095	0.2584329844	4.1997418404
2918.7909450531	0.2582680583	4.1997418404
2919.7910022736	0.2580739558	4.1997418404
2920.7900595665	0.2577731013	4.1997418404
2921.7901167870	0.2575010657	4.1997418404
2922.7901740074	0.2574316561	4.1997418404
2923.7902312279	0.2572412491	4.1997418404
2924.7902884483	0.2570311725	4.1997418404
2925.7903456688	0.2568623722	4.1997418404
2926.7904028893	0.2565806806	4.1997418404
2927.7904601097	0.2564058602	4.1997418404
2928.7905173302	0.2562383413	4.1997418404
2929.7905745506	0.2560121119	4.1997418404
2930.7906317711	0.2558728456	4.1997418404
2931.7906889915	0.2556902170	4.1997418404
2932.7907462120	0.2554714084	4.1997418404
2933.7908034325	0.2552329004	4.1997418404
2934.7908606529	0.2550268173	4.1997418404
2935.7909178734	0.2546862960	4.1997418404
2936.7909750938	0.2546340823	4.1997418404
2937.7900319099	0.2543466389	4.1997418404
2938.7900891304	0.2541740537	4.1997418404
2939.7901463509	0.2539543509	4.1997418404
2940.7902035713	0.2537496388	4.1997418404
2941.7902607918	0.2535593510	4.1997418404
2942.7903180122	0.2534807622	4.1997418404
2943.7903752327	0.2532776594	4.1997418404
2944.7904324532	0.2530043423	4.1997418404
2945.7904896736	0.2527649403	4.1997418404
2946.7905468941	0.2526638508	4.1997418404
2947.7906041145	0.2523308992	4.1997418404
2948.7906613350	0.2522209287	4.1997418404
2949.7907185555	0.2519299090	4.1997418404
2950.7907757759	0.2517590225	4.1997418404
2951.7908329964	0.2515411675	4.1997418404
2952.7908902168	0.2513427138	4.1997418404
2953.7909474373	0.2512247562	4.1997418404
2954.7910046577	0.2510203719	4.1997418404
2955.7900614738	0.2509086728	4.1997418404
2956.7901186943	0.2506236434	4.1997418404
2957.7901759148	0.2504289746	4.1997418404
2958.7902331352	0.2502305508	4.1997418404
2959.7902903557	0.2500415444	4.1997418404
2960.7903475761	0.2498760223	4.1997418404
2961.7904047966	0.2496891469	4.1997418404
2962.7904620171	0.2495266199	4.1997418404
2963.7905192375	0.2493209988	4.1997418404
2964.7905764580	0.2490165085	4.1997418404
2965.7906336784	0.2489162385	4.1997418404
2966.7906908989	0.2485735416	4.1997418404
2967.7907481194	0.2483907789	4.1997418404
2968.7908053398	0.2482321262	4.1997418404
2969.7908625603	0.2479347885	4.1997418404
2970.7909197807	0.2478908002	4.1997418404
2971.7909770012	0.2477017343	4.1997418404
2972.7900342941	0.2474678308	4.1997418404
2973.7900910378	0.2473116815	4.1997418404
2974.7901482582	0.2471239269	4.1997418404
2975.7902054787	0.2468805909	4.1997418404
2976.7902626991	0.2467233539	4.1997418404
2977.7903199196	0.2465239614	4.1997418404
2978.7903771400	0.2463840246	4.1997418404
2979.7904338837	0.2461587042	4.1997418404
2980.7904915810	0.2460054308	4.1997418404
2981.7905483246	0.2456961274	4.1997418404
2982.7906060219	0.2455628514	4.1997418404
2983.7906627655	0.2454022020	4.1997418404
2984.7907204628	0.2451221198	4.1997418404
2985.7907772064	0.2450357974	4.1997418404
2986.7908349037	0.2447814941	4.1997418404
2987.7908916473	0.2446103245	4.1997418404
2988.7909493446	0.2443572879	4.1997418404
2989.7910060883	0.2441944331	4.1997418404
2990.7900638580	0.2441940755	4.1997418404
2991.7901206017	0.2439452410	4.1997418404
2992.7901782990	0.2437595725	4.1997418404
2993.7902350426	0.2435936779	4.1997418404
2994.7902922630	0.2433373481	4.1997418404
2995.7903494835	0.2430649251	4.1997418404
2996.7904067039	0.2428568602	4.1997418404
2997.7904639244	0.2427481711	4.1997418404
2998.7905211449	0.2426288575	4.1997418404
2999.7905778885	0.2425411791	4.1997418404
3000.7906355858	0.2422011197	4.1997418404
3001.7906923294	0.2420315146	4.1997418404
3002.7907500267	0.2418715358	4.1997418404
3003.7908067703	0.2416312099	4.1997418404
3004.7908644676	0.2414477468	4.1997418404
3005.7909212112	0.2412341088	4.1997418404
3006.7909789085	0.2410213202	4.1997418404
3007.7900357246	0.2407890260	4.1997418404
3008.7900929451	0.2406418473	4.1997418404
3009.7901501656	0.2404586673	4.1997418404
3010.7902073860	0.2404046059	4.1997418404
3011.7902646065	0.2401427031	4.1997418404
3012.7903218269	0.2399750799	4.1997418404
3013.7903790474	0.2397825420	4.1997418404
3014.7904362679	0.2396730632	4.1997418404
3015.7904934883	0.2394209504	4.1997418404
3016.7905507088	0.2393381447	4.1997418404
3017.7906074524	0.2390935719	4.1997418404
3018.7906646729	0.2389641851	4.1997418404
3019.7907218933	0.2387674451	4.1997418404
3020.7907791138	0.2385834605	4.1997418404
3021.7908363342	0.2384124547	4.1997418404
3022.7908935547	0.2382567823	4.1997418404
3023.7909507751	0.2380127609	4.1997418404
3024.7910079956	0.2378541678	4.1997418404
3025.7900652885	0.2376815081	4.1997418404
3026.7901225090	0.2375232875	4.1997418404
3027.7901797295	0.2373723388	4.1997418404
3028.7902369499	0.2372043282	4.1997418404
3029.7902941704	0.2369620055	4.1997418404
3030.7903513908	0.2368498445	4.1997418404
3031.7904086113	0.2366268337	4.1997418404
3032.7904658318	0.2364626974	4.1997418404
3033.7905230522	0.2362067997	4.1997418404
3034.7905802727	0.2360676825	4.1997418404
3035.7906374931	0.2359094620	4.1997418404
3036.7906947136	0.2357690036	4.1997418404
3037.7907514572	0.2354106456	4.1997418404
3038.7908086777	0.2351861000	4.1997418404
3039.7908658981	0.2351277173	4.1997418404
3040.7909231186	0.2349737287	4.1997418404
3041.7909803391	0.2347380668	4.1997418404
3042.7900376320	0.2346027344	4.1997418404
3043.7900948524	0.2344064862	4.1997418404
3044.7901520729	0.2341981828	4.1997418404
3045.7902092934	0.2340396792	4.1997418404
3046.7902665138	0.2339001298	4.1997418404
3047.7903237343	0.2337041944	4.1997418404
3048.7903809547	0.2336169630	4.1997418404
3049.7904381752	0.2334580272	4.1997418404
3050.7904953957	0.2333247215	4.1997418404
3051.7905526161	0.2330413908	4.1997418404
3052.7906098366	0.2329118699	4.1997418404
3053.7906670570	0.2327015400	4.1997418404
3054.7907242775	0.2325404137	4.1997418404
3055.7907814980	0.2323581427	4.1997418404
3056.7908387184	0.2321432233	4.1997418404
3057.7908954620	0.2317743748	4.1997418404
3058.7909526825	0.2317751944	4.1997418404
3059.7910099030	0.2315641940	4.1997418404
3060.7900671959	0.2313864082	4.1997418404
3061.7901244164	0.2312044650	4.1997418404
3062.7901816368	0.2308564335	4.1997418404
3063.7902388573	0.2308327705	4.1997418404
3064.7902960777	0.2305988073	4.1997418404
3065.7903532982	0.2304689139	4.1997418404
3066.7904105186	0.2303427458	4.1997418404
3067.7904677391	0.2302531600	4.1997418404
3068.7905249596	0.2300505638	4.1997418404
3069.7905821800	0.2298250496	4.1997418404
3070.7906394005	0.2296583802	4.1997418404
3071.7906966209	0.2295864671	4.1997418404
3072.7907538414	0.2294282466	4.1997418404
3073.7908110619	0.2291126698	4.1997418404
3074.7908682823	0.2289958745	4.1997418404
3075.7909255028	0.2288284451	4.1997418404
3076.7909827232	0.2285018563	4.1997418404
3077.7900395393	0.2285266668	4.1997418404
3078.7900967598	0.2283148766	4.1997418404
3079.7901539803	0.2283348441	4.1997418404
3080.7902112007	0.2281169593	4.1997418404
3081.7902684212	0.2278681695	4.1997418404
3082.7903256416	0.2277920246	4.1997418404
3083.7903828621	0.2274890989	4.1997418404
3084.7904400826	0.2273287475	4.1997418404
3085.7904973030	0.2270978540	4.1997418404
3086.7905545235	0.2269470692	4.1997418404
3087.7906117439	0.2268143445	4.1997418404
3088.7906689644	0.2266312242	4.1997418404
3089.7907261848	0.2265288383	4.1997418404
3090.7907834053	0.2262343615	4.1997418404
3091.7908406258	0.2261328846	4.1997418404
3092.7908978462	0.2259838879	4.1997418404
3093.7909550667	0.2257173657	4.1997418404
3094.7910122871	0.2255655676	4.1997418404
3095.7900691032	0.2254165858	4.1997418404
3096.7901263237	0.2252639979	4.1997418404
3097.7901835442	0.2252102792	4.1997418404
3098.7902402878	0.2249535173	4.1997418404
3099.7902979851	0.2248269767	4.1997418404
3100.7903547287	0.2246388048	4.1997418404
3101.7904124260	0.2244614661	4.1997418404
3102.7904691696	0.2243637145	4.1997418404
3103.7905268669	0.2242313176	4.1997418404
3104.7905836105	0.2240355760	4.1997418404
3105.7906413078	0.2238171846	4.1997418404
3106.7906980515	0.2236957550	4.1997418404
3107.7907557487	0.2237050831	4.1997418404
3108.7908124924	0.2233332545	4.1997418404
3109.7908701897	0.2232964039	4.1997418404
3110.7909269333	0.2231357098	4.1997418404
3111.7909846306	0.2229289114	4.1997418404
3112.7900414467	0.2226521671	4.1997418404
3113.7900986671	0.2224761695	4.1997418404
3114.7901558876	0.2223467231	4.1997418404
3115.7902131081	0.2221690416	4.1997418404
3116.7902703285	0.2220341116	4.1997418404
3117.7903275490	0.2218411863	4.1997418404
3118.7903842926	0.2217142731	4.1997418404
3119.7904419899	0.2215615660	4.1997418404
3120.7904987335	0.2213958055	4.1997418404
3121.7905564308	0.2213272154	4.1997418404
3122.7906131744	0.2210717648	4.1997418404
3123.7906708717	0.2209317386	4.1997418404
3124.7907276154	0.2207346559	4.1997418404
3125.7907853127	0.2205382437	4.1997418404
3126.7908420563	0.2203049064	4.1997418404
3127.7908997536	0.2202692926	4.1997418404
3128.7909564972	0.2200560570	4.1997418404
3129.7910141945	0.2197414786	4.1997418404
3130.7900710106	0.2196492106	4.1997418404
3131.7901282310	0.2194799334	4.1997418404
3132.7901854515	0.2194092870	4.1997418404
3133.7902426720	0.2191863805	4.1997418404
3134.7902998924	0.2191322595	4.1997418404
3135.7903571129	0.2189329416	4.1997418404
3136.7904138565	0.2188541591	4.1997418404
3137.7904710770	0.2186647654	4.1997418404
3138.7905282974	0.2184384167	4.1997418404
3139.7905855179	0.2184171826	4.1997418404
3140.7906427383	0.2181837112	4.1997418404
3141.7906999588	0.2180749625	4.1997418404
3142.7907571793	0.2178728133	4.1997418404
3143.7908143997	0.2177412361	4.1997418404
3144.7908716202	0.2175521404	4.1997418404
3145.7909288406	0.2174082398	4.1997418404
3146.7909860611	0.2172911614	4.1997418404
3147.7900433540	0.2171582580	4.1997418404
3148.7901005745	0.2169646919	4.1997418404
3149.7901577950	0.2166916877	4.1997418404
3150.7902150154	0.2166519165	4.1997418404
3151.7902722359	0.2164565325	4.1997418404
3152.7903294563	0.2162490934	4.1997418404
3153.7903866768	0.2160550207	4.1997418404
3154.7904438972	0.2159191966	4.1997418404
3155.7905011177	0.2157889158	4.1997418404
3156.7905578613	0.2156522721	4.1997418404
3157.7906150818	0.2155127823	4.1997418404
3158.7906723022	0.2153807133	4.1997418404
3159.7907295227	0.2152936161	4.1997418404
3160.7907867432	0.2151159048	4.1997418404
3161.7908439636	0.2148355097	4.1997418404
3162.7909011841	0.2146598399	4.1997418404
3163.7909584045	0.2145240754	4.1997418404
3164.7910156250	0.2144356668	4.1997418404
3165.7900729179	0.2141378820	4.1997418404
3166.7901301384	0.2139458507	4.1997418404
3167.7901873589	0.2139119059	4.1997418404
3168.7902445793	0.2137960494	4.1997418404
3169.7903017998	0.2136851698	4.1997418404
3170.7903590202	0.2134859860	4.1997418404
3171.7904162407	0.2132816315	4.1997418404
3172.7904734612	0.2130425721	4.1997418404
3173.7905306816	0.2130142748	4.1997418404
3174.7905879021	0.2128501832	4.1997418404
3175.7906451225	0.2126598805	4.1997418404
3176.7907018661	0.2124947160	4.1997418404
3177.7907590866	0.2123679072	4.1997418404
3178.7908163071	0.2122194469	4.1997418404
3179.7908735275	0.2121317685	4.1997418404
3180.7909307480	0.2119613737	4.1997418404
3181.7909879684	0.2118158489	4.1997418404
3182.7900452614	0.2115506381	4.1997418404
3183.7901024818	0.2114689499	4.1997418404
3184.7901597023	0.2112537026	4.1997418404
3185.7902169228	0.2111254185	4.1997418404
3186.7902741432	0.2108754218	4.1997418404
3187.7903313637	0.2107172161	4.1997418404
3188.7903885841	0.2106724530	4.1997418404
3189.7904458046	0.2105171829	4.1997418404
3190.7905030251	0.2102938443	4.1997418404
3191.7905602455	0.2101617157	4.1997418404
3192.7906174660	0.2100966871	4.1997418404
3193.7906746864	0.2098580450	4.1997418404
3194.7907319069	0.2097527087	4.1997418404
3195.7907891273	0.2094912827	4.1997418404
3196.7908458710	0.2093946487	4.1997418404
3197.7909030914	0.2092671543	4.1997418404
3198.7909603119	0.2091339380	4.1997418404
3199.7910175323	0.2088571936	4.1997418404
3200.7900748253	0.2088183016	4.1997418404
3201.7901320457	0.2087776661	4.1997418404
3202.7901892662	0.2085919529	4.1997418404
3203.7902464867	0.2083893865	4.1997418404
3204.7903037071	0.2083402276	4.1997418404
3205.7903609276	0.2081093192	4.1997418404
3206.7904181480	0.2080437690	4.1997418404
3207.7904753685	0.2078488022	4.1997418404
3208.7905325890	0.2076668441	4.1997418404
3209.7905898094	0.2075272053	4.1997418404
3210.7906470299	0.2073480040	4.1997418404
3211.7907042503	0.2073047608	4.1997418404
3212.7907614708	0.2072561234	4.1997418404
3213.7908186913	0.2069836557	4.1997418404
3214.7908759117	0.2067424953	4.1997418404
3215.7909326553	0.2066854537	4.1997418404
3216.7909898758	0.2065812945	4.1997418404
3217.7900466919	0.2062967271	4.1997418404
3218.7901043892	0.2062970549	4.1997418404
3219.7901611328	0.2061337680	4.1997418404
3220.7902188301	0.2059514672	4.1997418404
3221.7902755737	0.2058440447	4.1997418404
3222.7903332710	0.2056182176	4.1997418404
3223.7903900146	0.2054759413	4.1997418404
3224.7904477119	0.2053097636	4.1997418404
3225.7905044556	0.2051794529	4.1997418404
3226.7905621529	0.2050427645	4.1997418404
3227.7906188965	0.2048417926	4.1997418404
3228.7906765938	0.2045795023	4.1997418404
3229.7907333374	0.2044864893	4.1997418404
3230.7907910347	0.2043058574	4.1997418404
3231.7908477783	0.2042144686	4.1997418404
3232.7909054756	0.2041354179	4.1997418404
3233.7909622192	0.2040414810	4.1997418404
3234.7910199165	0.2037994713	4.1997418404
3235.7900762558	0.2036683410	4.1997418404
3236.7901339531	0.2036527693	4.1997418404
3237.7901906967	0.2034742385	4.1997418404
3238.7902483940	0.2032812834	4.1997418404
3239.7903051376	0.2031527311	4.1997418404
3240.7903628349	0.2029394507	4.1997418404
3241.7904195786	0.2026793361	4.1997418404
3242.7904772758	0.2027187049	4.1997418404
3243.7905340195	0.2026819587	4.1997418404
3244.7905917168	0.2024835497	4.1997418404
3245.7906484604	0.2022863775	4.1997418404
3246.7907061577	0.2021349370	4.1997418404
3247.7907629013	0.2018375695	4.1997418404
3248.7908205986	0.2018670887	4.1997418404
3249.7908773422	0.2017643750	4.1997418404
3250.7909350395	0.2016166002	4.1997418404
3251.7909917831	0.2015033513	4.1997418404
3252.7900490761	0.2013150305	4.1997418404
3253.7901062965	0.2011344284	4.1997418404
3254.7901635170	0.2011043727	4.1997418404
3255.7902202606	0.2009216696	4.1997418404
3256.7902774811	0.2008895874	4.1997418404
3257.7903347015	0.2005620152	4.1997418404
3258.7903919220	0.2004990131	4.1997418404
3259.7904491425	0.2003373802	4.1997418404
3260.7905063629	0.2001995295	4.1997418404
3261.7905635834	0.2000591159	4.1997418404
3262.7906208038	0.1999275684	4.1997418404
