0.3520202637	1.0000779629	3.4422447681
1.3520774841	1.0000826120	3.4604010582
2.3521342278	1.0000799894	3.4719300270
3.3521914482	1.0000820160	3.4814422131
4.3522486687	1.0000746250	3.4896965027
5.3523058891	1.0000808239	3.4970407486
6.3523631096	1.0000845194	3.5037171841
7.3524203300	1.0000876188	3.5098230839
8.3524775505	1.0000842810	3.5154786110
9.3525347710	1.0000844002	3.5207245350
10.3525919914	1.0000867844	3.5256564617
11.3526492119	1.0000836849	3.5302841663
12.3517065048	1.0000855923	3.5346617699
13.3517637253	1.0000785589	3.5388224125
14.3518209457	1.0000829697	3.5427646637
15.3518781662	1.0000866652	3.5465321541
16.3519353867	1.0000829697	3.5501201153
17.3519926071	1.0000824928	3.5535418987
18.3520498276	1.0000882149	3.5568625927
19.3521070480	1.0000814199	3.5600619316
20.3521642685	1.0000836849	3.5631055832
21.3522214890	1.0000900030	3.5660433769
22.3522782326	1.0000834465	3.5688793659
23.3523354530	1.0000855923	3.5716342926
24.3523926735	1.0000848770	3.5742762089
25.3524498940	1.0000900030	3.5768659115
26.3525071144	1.0000922680	3.5793521404
27.3525643349	1.0000859499	3.5817716122
28.3526215553	1.0000841618	3.5841109753
29.3526787758	1.0000828505	3.5863921642
30.3517360687	1.0000848770	3.5885984898
31.3517932892	1.0000853539	3.5907628536
32.3518505096	1.0000844002	3.5928463936
33.3519077301	1.0000871420	3.5948905945
34.3519649506	1.0000840425	3.5968842506
35.3520221710	1.0000886917	3.5988297462
36.3520793915	1.0000811815	3.6007068157
37.3521366119	1.0000909567	3.6025390625
38.3521938324	1.0000863075	3.6043419838
39.3522510529	1.0000872612	3.6060819626
40.3523082733	1.0000869036	3.6078085899
41.3523654938	1.0000816584	3.6094827652
42.3524222374	1.0000854731	3.6111187935
43.3524794579	1.0000867844	3.6127147675
44.3525366783	1.0000848770	3.6142706871
45.3525938988	1.0000807047	3.6157839298
46.3526511192	1.0000815392	3.6172888279
47.3517084122	1.0000844002	3.6187272072
48.3517656326	1.0000872612	3.6201372147
49.3518228531	1.0000849962	3.6215293407
50.3518800735	1.0000892878	3.6228995323
51.3519372940	1.0000835657	3.6242201328
52.3519945145	1.0000884533	3.6255197525
53.3520517349	1.0000892878	3.6267991066
54.3521089554	1.0000898838	3.6280212402
55.3521661758	1.0000839233	3.6292066574
56.3522233963	1.0000908375	3.6304130554
57.3522806168	1.0000853539	3.6315531731
58.3523378372	1.0000897646	3.6326787472
59.3523950577	1.0000898838	3.6337759495
60.3524522781	1.0000816584	3.6348364353
61.3525094986	1.0000877380	3.6358871460
62.3525662422	1.0000908375	3.6369090080
63.3526234627	1.0000861883	3.6379029751
64.3526806831	1.0000886917	3.6388785839
65.3517379761	1.0000950098	3.6398596764
66.3517951965	1.0000967979	3.6407723427
67.3518524170	1.0000929832	3.6417076588
68.3519096375	1.0000863075	3.6425814629
69.3519668579	1.0000904799	3.6434645653
70.3520240784	1.0000900030	3.6443357468
71.3520812988	1.0000889301	3.6451706886
72.3521385193	1.0000860691	3.6459822655
73.3521957397	1.0000902414	3.6467957497
74.3522529602	1.0000928640	3.6475758553
75.3523101807	1.0000905991	3.6483404636
76.3523674011	1.0000864267	3.6490895748
77.3524246216	1.0000928640	3.6498303413
78.3524818420	1.0000901222	3.6505672932
79.3525390625	1.0000928640	3.6512823105
80.3525962830	1.0000897646	3.6519813538
81.3526535034	1.0000879765	3.6527040005
82.3517098427	1.0000884533	3.6533796787
83.3517675400	1.0000833273	3.6540334225
84.3518242836	1.0000871420	3.6546971798
85.3518819809	1.0000840425	3.6553516388
86.3519387245	1.0000861883	3.6559851170
87.3519964218	1.0000888109	3.6566150188
88.3520531654	1.0000902414	3.6572372913
89.3521108627	1.0000916719	3.6578495502
90.3521676064	1.0000890493	3.6584649086
91.3522253036	1.0000894070	3.6590619087
92.3522820473	1.0000902414	3.6596481800
93.3523397446	1.0000855923	3.6602494717
94.3523964882	1.0000799894	3.6608223915
95.3524541855	1.0000873804	3.6613819599
96.3525109291	1.0000849962	3.6619498730
97.3525686264	1.0000886917	3.6625111103
98.3526253700	1.0000820160	3.6630623341
99.3526830673	1.0000908375	3.6636018753
100.3517398834	1.0000874996	3.6641352177
101.3517966270	1.0000920296	3.6646866798
102.3518538475	1.0000890493	3.6652173996
103.3519110680	1.0000908375	3.6657423973
104.3519682884	1.0000884533	3.6662471294
105.3520255089	1.0000891685	3.6667764187
106.3520827293	1.0000842810	3.6672825813
107.3521399498	1.0000836849	3.6678044796
108.3521971703	1.0000811815	3.6682929993
109.3522543907	1.0000866652	3.6688067913
110.3523116112	1.0000836849	3.6692860126
111.3523688316	1.0000878572	3.6697747707
112.3524260521	1.0000919104	3.6702859402
113.3524832726	1.0000923872	3.6707611084
114.3525404930	1.0000857115	3.6712453365
115.3525977135	1.0000842810	3.6717369556
116.3526549339	1.0000840425	3.6722157001
117.3517122269	1.0000848770	3.6726930141
118.3517694473	1.0000860691	3.6731874943
119.3518266678	1.0000863075	3.6736438274
120.3518838882	1.0000867844	3.6741113663
121.3519406319	1.0000842810	3.6745719910
122.3519978523	1.0000876188	3.6750545502
123.3520550728	1.0000917912	3.6755123138
124.3521122932	1.0000846386	3.6759624481
125.3521695137	1.0000803471	3.6764295101
126.3522267342	1.0000790358	3.6768736839
127.3522839546	1.0000853539	3.6773178577
128.3523411751	1.0000780821	3.6777701378
129.3523983955	1.0000873804	3.6782267094
130.3524556160	1.0000842810	3.6786572933
131.3525128365	1.0000926256	3.6791090965
132.3525700569	1.0000866652	3.6795725822
133.3526272774	1.0000866652	3.6800127029
134.3526844978	1.0000852346	3.6804418564
135.3517417908	1.0000832081	3.6808898449
136.3517990112	1.0000839233	3.6813299656
137.3518562317	1.0000830889	3.6817729473
138.3519134521	1.0000842810	3.6822125912
139.3519706726	1.0000759363	3.6826276779
140.3520278931	1.0000798702	3.6830704212
141.3520846367	1.0000818968	3.6834983826
142.3521418571	1.0000854731	3.6839189529
143.3521990776	1.0000793934	3.6843655109
144.3522562981	1.0000755787	3.6848032475
145.3523135185	1.0000803471	3.6852259636
146.3523707390	1.0000787973	3.6856567860
147.3524279594	1.0000818968	3.6860754490
148.3524851799	1.0000829697	3.6865088940
149.3525424004	1.0000860691	3.6869287491
150.3525996208	1.0000847578	3.6873567104
151.3526568413	1.0000841618	3.6877882481
152.3517141342	1.0000865459	3.6881937981
153.3517713547	1.0000774860	3.6886129379
154.3518285751	1.0000770092	3.6890354156
155.3518857956	1.0000756979	3.6894624233
156.3519430161	1.0000816584	3.6898822784
157.3520002365	1.0000796318	3.6902847290
158.3520574570	1.0000779629	3.6907052994
159.3521146774	1.0000832081	3.6911234856
160.3521718979	1.0000772476	3.6915357113
161.3522286415	1.0000797510	3.6919312477
162.3522858620	1.0000803471	3.6923594475
163.3523430824	1.0000796318	3.6927728653
164.3524003029	1.0000836849	3.6931574345
165.3524575233	1.0000835657	3.6935961246
166.3525147438	1.0000801086	3.6940214634
167.3525719643	1.0000861883	3.6944360733
168.3526291847	1.0000826120	3.6948485374
169.3526864052	1.0000816584	3.6952593327
170.3517436981	1.0000766516	3.6956417561
171.3518009186	1.0000758171	3.6960673332
172.3518581390	1.0000833273	3.6964604855
173.3519153595	1.0000832081	3.6968762875
174.3519725800	1.0000780821	3.6972608566
175.3520298004	1.0000829697	3.6976747513
176.3520870209	1.0000777245	3.6980762482
177.3521442413	1.0000848770	3.6984770298
178.3522014618	1.0000797510	3.6988732815
179.3522586823	1.0000816584	3.6992790699
180.3523159027	1.0000783205	3.6996781826
181.3523726463	1.0000772476	3.7000789642
182.3524298668	1.0000816584	3.7004861832
183.3524870872	1.0000815392	3.7008850574
184.3525443077	1.0000803471	3.7012655735
185.3526015282	1.0000783205	3.7016572952
186.3526587486	1.0000807047	3.7020788193
187.3517160416	1.0000755787	3.7024757862
188.3517732620	1.0000764132	3.7028541565
189.3518304825	1.0000808239	3.7032716274
190.3518877029	1.0000839233	3.7036626339
191.3519449234	1.0000889301	3.7040624619
192.3520021439	1.0000861883	3.7044594288
193.3520593643	1.0000864267	3.7048568726
194.3521165848	1.0000855923	3.7052447796
195.3521738052	1.0000852346	3.7056238651
196.3522310257	1.0000897646	3.7060258389
197.3522882462	1.0000891685	3.7064111233
198.3523454666	1.0000869036	3.7068126202
199.3524026871	1.0000863075	3.7071981430
200.3524594307	1.0000839233	3.7076168060
201.3525166512	1.0000817776	3.7080030441
202.3525738716	1.0000799894	3.7083876133
203.3526310921	1.0000834465	3.7087802887
204.3526883125	1.0000915527	3.7091877460
205.3517451286	1.0000895262	3.7095642090
206.3518028259	1.0000847578	3.7099604607
207.3518595695	1.0000866652	3.7103457451
208.3519172668	1.0000903606	3.7107319832
209.3519740105	1.0000915527	3.7111325264
210.3520317078	1.0000838041	3.7115139961
211.3520884514	1.0000832081	3.7119069099
212.3521461487	1.0000844002	3.7123050690
213.3522028923	1.0000864267	3.7126998901
214.3522605896	1.0000786781	3.7130789757
215.3523173332	1.0000790358	3.7134644985
216.3523750305	1.0000851154	3.7138409615
217.3524317741	1.0000815392	3.7142302990
218.3524894714	1.0000842810	3.7146005630
219.3525462151	1.0000861883	3.7149956226
220.3526034355	1.0000823736	3.7153792381
221.3526606560	1.0000842810	3.7157714367
222.3517174721	1.0000810623	3.7161450386
223.3517746925	1.0000849962	3.7165384293
224.3518319130	1.0000805855	3.7169239521
225.3518891335	1.0000822544	3.7173054218
226.3519463539	1.0000820160	3.7176823616
227.3520035744	1.0000845194	3.7180562019
228.3520607948	1.0000864267	3.7184398174
229.3521180153	1.0000873804	3.7188327312
230.3521752357	1.0000844002	3.7192049026
231.3522324562	1.0000834465	3.7195956707
232.3522896767	1.0000873804	3.7199931145
233.3523468971	1.0000838041	3.7203803062
234.3524041176	1.0000809431	3.7207660675
235.3524613380	1.0000858307	3.7211470604
236.3525185585	1.0000820160	3.7215328217
237.3525757790	1.0000911951	3.7219130993
238.3526329994	1.0000910759	3.7223055363
239.3526902199	1.0000935793	3.7226655483
240.3517470360	1.0000880957	3.7230632305
241.3518042564	1.0000882149	3.7234435081
242.3518614769	1.0000861883	3.7238252163
243.3519186974	1.0000824928	3.7241990566
244.3519759178	1.0000913143	3.7245600224
245.3520331383	1.0000903606	3.7249350548
246.3520903587	1.0000905991	3.7253308296
247.3521475792	1.0000897646	3.7257287502
248.3522047997	1.0000872612	3.7261216640
249.3522620201	1.0000877380	3.7264950275
250.3523192406	1.0000779629	3.7268650532
251.3523764610	1.0000828505	3.7272632122
252.3524336815	1.0000848770	3.7276217937
253.3524909019	1.0000860691	3.7280015945
254.3525481224	1.0000871420	3.7283859253
255.3526053429	1.0000810623	3.7287716866
256.3526625633	1.0000846386	3.7291553020
257.3517198563	1.0000756979	3.7295255661
258.3517770767	1.0000795126	3.7299118042
259.3518342972	1.0000827312	3.7302916050
260.3518910408	1.0000886917	3.7306687832
261.3519482613	1.0000842810	3.7310552597
262.3520054817	1.0000888109	3.7314376831
263.3520627022	1.0000883341	3.7318127155
264.3521199226	1.0000891685	3.7321951389
265.3521771431	1.0000852346	3.7325720787
266.3522343636	1.0000838041	3.7329499722
267.3522915840	1.0000838041	3.7333297729
268.3523488045	1.0000803471	3.7337234020
269.3524060249	1.0000841618	3.7340695858
270.3524632454	1.0000853539	3.7344520092
271.3525204659	1.0000882149	3.7348549366
272.3525776863	1.0000855923	3.7352302074
273.3526349068	1.0000871420	3.7356138229
274.3516921997	1.0000880957	3.7359862328
275.3517494202	1.0000808239	3.7363801003
276.3518066406	1.0000780821	3.7367465496
277.3518638611	1.0000860691	3.7371566296
278.3519210815	1.0000873804	3.7375237942
279.3519783020	1.0000877380	3.7379057407
280.3520350456	1.0000824928	3.7382736206
281.3520922661	1.0000820160	3.7386624813
282.3521494865	1.0000802279	3.7390284538
283.3522067070	1.0000882149	3.7393910885
284.3522639275	1.0000854731	3.7397906780
285.3523211479	1.0000780821	3.7401707172
286.3523783684	1.0000822544	3.7405366898
287.3524355888	1.0000785589	3.7409234047
288.3524928093	1.0000838041	3.7412962914
289.3525500298	1.0000847578	3.7416751385
290.3526072502	1.0000897646	3.7420372963
291.3526644707	1.0000815392	3.7424249649
292.3517217636	1.0000882149	3.7428157330
293.3517789841	1.0000851154	3.7431957722
294.3518362045	1.0000772476	3.7435669899
295.3518934250	1.0000852346	3.7439637184
296.3519506454	1.0000808239	3.7443389893
297.3520078659	1.0000882149	3.7447035313
298.3520650864	1.0000892878	3.7450728416
299.3521218300	1.0000847578	3.7454664707
300.3521790504	1.0000866652	3.7458496094
301.3522362709	1.0000828505	3.7462298870
302.3522934914	1.0000859499	3.7466118336
303.3523507118	1.0000844002	3.7469666004
304.3524079323	1.0000892878	3.7473702431
305.3524651527	1.0000888109	3.7477314472
306.3525223732	1.0000904799	3.7481086254
307.3525795937	1.0000928640	3.7485010624
308.3526368141	1.0000838041	3.7488615513
309.3516941071	1.0000917912	3.7492334843
310.3517513275	1.0000859499	3.7496147156
311.3518085480	1.0000882149	3.7499845028
312.3518657684	1.0000895262	3.7503557205
313.3519229889	1.0000904799	3.7507410049
314.3519802094	1.0000947714	3.7511496544
315.3520374298	1.0000822544	3.7515058517
316.3520946503	1.0000840425	3.7518761158
317.3521518707	1.0000910759	3.7522737980
318.3522090912	1.0000917912	3.7526352406
319.3522658348	1.0000904799	3.7530095577
320.3523230553	1.0000869036	3.7533810139
321.3523802757	1.0000803471	3.7537488937
322.3524374962	1.0000873804	3.7541463375
323.3524947166	1.0000866652	3.7545077801
324.3525519371	1.0000878572	3.7548856735
325.3526091576	1.0000886917	3.7552759647
326.3526663780	1.0000864267	3.7556407452
327.3517236710	1.0000787973	3.7560048103
328.3517804146	1.0000823736	3.7563943863
329.3518381119	1.0000834465	3.7567660809
330.3518948555	1.0000879765	3.7571492195
331.3519525528	1.0000914335	3.7575354576
332.3520092964	1.0000884533	3.7579293251
333.3520669937	1.0000847578	3.7582960129
334.3521237373	1.0000860691	3.7586650848
335.3521814346	1.0000841618	3.7590560913
336.3522381783	1.0000840425	3.7594265938
337.3522958755	1.0000860691	3.7598052025
338.3523526192	1.0000883341	3.7601840496
339.3524098396	1.0000860691	3.7605502605
340.3524670601	1.0000882149	3.7609286308
341.3525242805	1.0000874996	3.7612862587
342.3525815010	1.0000947714	3.7616796494
343.3526387215	1.0000855923	3.7620429993
344.3516955376	1.0000855923	3.7624361515
345.3517527580	1.0000863075	3.7628052235
346.3518099785	1.0000805855	3.7631726265
347.3518671989	1.0000860691	3.7635524273
348.3519244194	1.0000858307	3.7639224529
349.3519816399	1.0000838041	3.7642993927
350.3520388603	1.0000854731	3.7646963596
351.3520960808	1.0000826120	3.7650578022
352.3521533012	1.0000859499	3.7654473782
353.3522105217	1.0000811815	3.7658081055
354.3522677422	1.0000904799	3.7662055492
355.3523249626	1.0000904799	3.7665932178
356.3523821831	1.0000863075	3.7669677734
357.3524394035	1.0000827312	3.7673299313
358.3524966240	1.0000747442	3.7677009106
359.3525538445	1.0000834465	3.7680909634
360.3526110649	1.0000807047	3.7684588432
361.3526682854	1.0000883341	3.7688241005
362.3517251015	1.0000852346	3.7691986561
363.3517823219	1.0000847578	3.7695739269
364.3518395424	1.0000839233	3.7699410915
365.3518967628	1.0000846386	3.7703118324
366.3519539833	1.0000832081	3.7706921101
367.3520112038	1.0000820160	3.7710628510
368.3520684242	1.0000777245	3.7714409828
369.3521256447	1.0000840425	3.7718222141
370.3521828651	1.0000861883	3.7722041607
371.3522400856	1.0000832081	3.7725596428
372.3522973061	1.0000787973	3.7729465961
373.3523545265	1.0000787973	3.7733223438
374.3524117470	1.0000824928	3.7737040520
375.3524689674	1.0000799894	3.7740800381
376.3525261879	1.0000864267	3.7744445801
377.3525834084	1.0000807047	3.7748277187
378.3526406288	1.0000817776	3.7752041817
379.3516974449	1.0000860691	3.7755818367
380.3517546654	1.0000817776	3.7759573460
381.3518118858	1.0000804663	3.7763357162
382.3518691063	1.0000716448	3.7766957283
383.3519263268	1.0000796318	3.7770636082
384.3519835472	1.0000798702	3.7774341106
385.3520407677	1.0000805855	3.7778079510
386.3520979881	1.0000802279	3.7781944275
387.3521552086	1.0000790358	3.7785718441
388.3522124290	1.0000827312	3.7789547443
389.3522696495	1.0000772476	3.7793405056
390.3523268700	1.0000778437	3.7796998024
391.3523840904	1.0000815392	3.7800817490
392.3524413109	1.0000772476	3.7804648876
393.3524985313	1.0000811815	3.7808482647
394.3525557518	1.0000765324	3.7812223434
395.3526129723	1.0000814199	3.7815856934
396.3526701927	1.0000864267	3.7819509506
397.3517274857	1.0000901222	3.7823426723
398.3517842293	1.0000863075	3.7827169895
399.3518414497	1.0000832081	3.7830936909
400.3518986702	1.0000877380	3.7834551334
401.3519558907	1.0000768900	3.7838196754
402.3520131111	1.0000834465	3.7842099667
403.3520703316	1.0000809431	3.7846035957
404.3521275520	1.0000773668	3.7849576473
405.3521847725	1.0000756979	3.7853209972
406.3522419930	1.0000803471	3.7857086658
407.3522992134	1.0000779629	3.7860813141
408.3523564339	1.0000758171	3.7864453793
409.3524136543	1.0000749826	3.7868165970
410.3524708748	1.0000759363	3.7872147560
411.3525280952	1.0000741482	3.7875754833
412.3525853157	1.0000785589	3.7879548073
413.3526425362	1.0000823736	3.7883369923
414.3516998291	1.0000824928	3.7887120247
415.3517570496	1.0000807047	3.7890827656
416.3518142700	1.0000799894	3.7894408703
417.3518714905	1.0000764132	3.7898278236
418.3519282341	1.0000798702	3.7901904583
419.3519854546	1.0000826120	3.7905631065
420.3520426750	1.0000786781	3.7909231186
421.3520998955	1.0000759363	3.7913050652
422.3521571159	1.0000832081	3.7916750908
423.3522143364	1.0000801086	3.7920567989
424.3522715569	1.0000686646	3.7924299240
425.3523287773	1.0000813007	3.7927906513
426.3523859978	1.0000708103	3.7931678295
427.3524432182	1.0000756979	3.7935409546
428.3525004387	1.0000700951	3.7939069271
429.3525576591	1.0000836849	3.7942905426
430.3526148796	1.0000802279	3.7946736813
431.3526721001	1.0000807047	3.7950484753
432.3517293930	1.0000767708	3.7954177856
433.3517866135	1.0000751019	3.7957882881
434.3518438339	1.0000823736	3.7961652279
435.3519010544	1.0000776052	3.7965288162
436.3519582748	1.0000741482	3.7969071865
437.3520154953	1.0000724792	3.7972593307
438.3520722389	1.0000776052	3.7976357937
439.3521294594	1.0000821352	3.7980203629
440.3521866798	1.0000811815	3.7983973026
441.3522439003	1.0000804663	3.7987909317
442.3523011208	1.0000797510	3.7991595268
443.3523583412	1.0000777245	3.7995195389
444.3524155617	1.0000835657	3.7999053001
445.3524727821	1.0000820160	3.8002753258
446.3525300026	1.0000784397	3.8006393909
447.3525872231	1.0000803471	3.8010041714
448.3526444435	1.0000836849	3.8013851643
449.3517012596	1.0000791550	3.8017563820
450.3517589569	1.0000742674	3.8021218777
451.3518157005	1.0000710487	3.8025019169
452.3518733978	1.0000720024	3.8028633595
453.3519301414	1.0000801086	3.8032457829
454.3519878387	1.0000814199	3.8036153316
455.3520445824	1.0000725985	3.8039863110
456.3521022797	1.0000765324	3.8043603897
457.3521590233	1.0000826120	3.8047342300
458.3522162437	1.0000797510	3.8051128387
459.3522734642	1.0000790358	3.8054873943
460.3523306847	1.0000767708	3.8058342934
461.3523874283	1.0000777245	3.8062078953
462.3524451256	1.0000834465	3.8065805435
463.3525018692	1.0000823736	3.8069496155
464.3525595665	1.0000783205	3.8073263168
465.3526163101	1.0000798702	3.8076989651
466.3526740074	1.0000774860	3.8080687523
467.3517308235	1.0000797510	3.8084492683
468.3517880440	1.0000786781	3.8088159561
469.3518452644	1.0000824928	3.8091876507
470.3519024849	1.0000784397	3.8095302582
471.3519597054	1.0000810623	3.8099262714
472.3520169258	1.0000817776	3.8102869987
473.3520741463	1.0000786781	3.8106648922
474.3521313667	1.0000801086	3.8110222816
475.3521885872	1.0000802279	3.8113849163
476.3522458076	1.0000807047	3.8117561340
477.3523030281	1.0000728369	3.8121261597
478.3523602486	1.0000827312	3.8125021458
479.3524174690	1.0000847578	3.8128695488
480.3524746895	1.0000811815	3.8132457733
481.3525314331	1.0000803471	3.8136124611
482.3525886536	1.0000835657	3.8139796257
483.3526458740	1.0000874996	3.8143367767
484.3517031670	1.0000842810	3.8147091866
485.3517603874	1.0000790358	3.8150792122
486.3518176079	1.0000836849	3.8154642582
487.3518748283	1.0000816584	3.8158092499
488.3519320488	1.0000839233	3.8161864281
489.3519892693	1.0000849962	3.8165585995
490.3520464897	1.0000771284	3.8169181347
491.3521037102	1.0000814199	3.8172731400
492.3521609306	1.0000805855	3.8176388741
493.3522181511	1.0000766516	3.8180058002
494.3522753716	1.0000817776	3.8183796406
495.3523325920	1.0000736713	3.8187506199
496.3523898125	1.0000785589	3.8191018105
497.3524470329	1.0000773668	3.8194742203
498.3525042534	1.0000754595	3.8198435307
499.3525614738	1.0000731945	3.8201963902
500.3526186943	1.0000798702	3.8205683231
501.3526754379	1.0000780821	3.8209335804
502.3517327309	1.0000774860	3.8213016987
503.3517899513	1.0000760555	3.8216614723
504.3518471718	1.0000833273	3.8220360279
505.3519043922	1.0000792742	3.8223693371
506.3519616127	1.0000793934	3.8227458000
507.3520188332	1.0000815392	3.8231203556
508.3520760536	1.0000787973	3.8234863281
509.3521332741	1.0000798702	3.8238537312
510.3521904945	1.0000804663	3.8241965771
511.3522477150	1.0000834465	3.8245704174
512.3523049355	1.0000730753	3.8249428272
513.3523621559	1.0000737906	3.8252742290
514.3524193764	1.0000824928	3.8256537914
515.3524765968	1.0000838041	3.8260378838
516.3525338173	1.0000740290	3.8263814449
517.3525910378	1.0000838041	3.8267414570
518.3526482582	1.0000807047	3.8271212578
519.3517050743	1.0000798702	3.8274707794
520.3517622948	1.0000798702	3.8278379440
521.3518195152	1.0000746250	3.8281874657
522.3518767357	1.0000839233	3.8285496235
523.3519339561	1.0000844002	3.8289234638
524.3519911766	1.0000774860	3.8292827606
525.3520483971	1.0000785589	3.8296415806
526.3521056175	1.0000785589	3.8299891949
527.3521628380	1.0000820160	3.8303546906
528.3522200584	1.0000792742	3.8307247162
529.3522772789	1.0000761747	3.8310728073
530.3523344994	1.0000830889	3.8314361572
531.3523917198	1.0000799894	3.8317792416
532.3524489403	1.0000778437	3.8321366310
533.3525061607	1.0000766516	3.8325126171
534.3525633812	1.0000768900	3.8328619003
535.3526206017	1.0000823736	3.8332214355
536.3526778221	1.0000824928	3.8335826397
537.3517346382	1.0000793934	3.8339455128
538.3517918587	1.0000811815	3.8343043327
539.3518490791	1.0000752211	3.8346629143
540.3519062996	1.0000766516	3.8350124359
541.3519635201	1.0000789165	3.8353681564
542.3520207405	1.0000829697	3.8357374668
543.3520779610	1.0000783205	3.8360922337
544.3521351814	1.0000737906	3.8364555836
545.3521924019	1.0000754595	3.8368022442
546.3522496223	1.0000770092	3.8371415138
547.3523068428	1.0000804663	3.8374896049
548.3523640633	1.0000792742	3.8378558159
549.3524212837	1.0000768900	3.8382151127
550.3524785042	1.0000765324	3.8385806084
551.3525357246	1.0000799894	3.8389239311
552.3525929451	1.0000783205	3.8392717838
553.3526501656	1.0000772476	3.8396265507
554.3517074585	1.0000826120	3.8399715424
555.3517646790	1.0000725985	3.8403196335
556.3518218994	1.0000755787	3.8406829834
557.3518786430	1.0000798702	3.8410246372
558.3519358635	1.0000811815	3.8413763046
559.3519930840	1.0000751019	3.8417325020
560.3520503044	1.0000758171	3.8420846462
561.3521075249	1.0000844002	3.8424434662
562.3521647453	1.0000844002	3.8427963257
563.3522219658	1.0000793934	3.8431353569
564.3522791862	1.0000816584	3.8434882164
565.3523364067	1.0000789165	3.8438482285
566.3523936272	1.0000841618	3.8442137241
567.3524508476	1.0000793934	3.8445441723
568.3525080681	1.0000755787	3.8448889256
569.3525652885	1.0000758171	3.8452327251
570.3526225090	1.0000836849	3.8455784321
571.3526797295	1.0000835657	3.8459410667
572.3517365456	1.0000853539	3.8463022709
573.3517942429	1.0000754595	3.8466458321
574.3518509865	1.0000801086	3.8469760418
575.3519086838	1.0000816584	3.8473417759
576.3519654274	1.0000799894	3.8476874828
577.3520226479	1.0000786781	3.8480546474
578.3520798683	1.0000790358	3.8483984470
579.3521370888	1.0000807047	3.8487389088
580.3521938324	1.0000785589	3.8490955830
581.3522515297	1.0000807047	3.8494534492
582.3523082733	1.0000811815	3.8498044014
583.3523659706	1.0000754595	3.8501470089
584.3524227142	1.0000762939	3.8504853249
585.3524804115	1.0000786781	3.8508288860
586.3525371552	1.0000849962	3.8511745930
587.3525948524	1.0000842810	3.8515360355
588.3526515961	1.0000802279	3.8518762589
589.3517088890	1.0000805855	3.8522219658
590.3517661095	1.0000839233	3.8525676727
591.3518233299	1.0000839233	3.8529117107
592.3518805504	1.0000782013	3.8532750607
593.3519377708	1.0000760555	3.8536050320
594.3519949913	1.0000817776	3.8539414406
595.3520522118	1.0000803471	3.8542969227
596.3521094322	1.0000741482	3.8546438217
597.3521666527	1.0000767708	3.8549892902
598.3522238731	1.0000785589	3.8553283215
599.3522810936	1.0000791550	3.8556866646
600.3523378372	1.0000746250	3.8560211658
601.3523950577	1.0000746250	3.8563673496
602.3524522781	1.0000797510	3.8566970825
603.3525094986	1.0000807047	3.8570475578
604.3525667191	1.0000758171	3.8573858738
605.3526239395	1.0000767708	3.8577454090
606.3526811600	1.0000714064	3.8580737114
607.3517384529	1.0000787973	3.8584096432
608.3517956734	1.0000751019	3.8587760925
609.3518528938	1.0000683069	3.8591184616
610.3519101143	1.0000782013	3.8594360352
611.3519673347	1.0000807047	3.8597762585
612.3520245552	1.0000756979	3.8601269722
613.3520817757	1.0000762939	3.8604767323
614.3521389961	1.0000715256	3.8608031273
615.3521962166	1.0000772476	3.8611428738
616.3522534370	1.0000789165	3.8614864349
617.3523106575	1.0000747442	3.8618340492
618.3523678780	1.0000735521	3.8621711731
619.3524250984	1.0000702143	3.8625075817
620.3524818420	1.0000817776	3.8628585339
621.3525390625	1.0000765324	3.8631908894
622.3525962830	1.0000706911	3.8635292053
623.3526535034	1.0000689030	3.8638620377
624.3517107964	1.0000724792	3.8641812801
625.3517680168	1.0000741482	3.8645260334
626.3518252373	1.0000776052	3.8648777008
627.3518824577	1.0000683069	3.8652062416
628.3519396782	1.0000706911	3.8655328751
629.3519968987	1.0000711679	3.8658704758
630.3520541191	1.0000697374	3.8662030697
631.3521113396	1.0000698566	3.8665564060
632.3521685600	1.0000680685	3.8668999672
633.3522257805	1.0000690222	3.8672208786
634.3522830009	1.0000777245	3.8675670624
635.3523402214	1.0000733137	3.8679108620
636.3523974419	1.0000739098	3.8682324886
637.3524546623	1.0000759363	3.8685548306
638.3525118828	1.0000795126	3.8688955307
639.3525691032	1.0000735521	3.8692195415
640.3526258469	1.0000730753	3.8695387840
641.3526830673	1.0000779629	3.8698766232
642.3517403603	1.0000798702	3.8702158928
643.3517975807	1.0000751019	3.8705513477
644.3518548012	1.0000791550	3.8708825111
645.3519120216	1.0000780821	3.8712103367
646.3519692421	1.0000768900	3.8715474606
647.3520264626	1.0000727177	3.8718717098
648.3520836830	1.0000779629	3.8721992970
649.3521409035	1.0000803471	3.8725285530
650.3521981239	1.0000792742	3.8728582859
651.3522553444	1.0000715256	3.8731896877
652.3523125648	1.0000712872	3.8735234737
653.3523697853	1.0000731945	3.8738327026
654.3524270058	1.0000764132	3.8741772175
655.3524842262	1.0000774860	3.8744993210
656.3525414467	1.0000793934	3.8748302460
657.3525986671	1.0000803471	3.8751542568
658.3526558876	1.0000816584	3.8754823208
659.3517127037	1.0000807047	3.8758184910
660.3517699242	1.0000776052	3.8761384487
661.3518271446	1.0000765324	3.8764808178
662.3518843651	1.0000720024	3.8767969608
663.3519415855	1.0000706911	3.8771295547
664.3519988060	1.0000814199	3.8774461746
665.3520560265	1.0000762939	3.8777718544
666.3521132469	1.0000774860	3.8780663013
667.3521704674	1.0000753403	3.8784160614
668.3522276878	1.0000747442	3.8787324429
669.3522849083	1.0000777245	3.8790564537
670.3523421288	1.0000706911	3.8793704510
671.3523993492	1.0000660419	3.8797032833
672.3524565697	1.0000740290	3.8800232410
673.3525137901	1.0000759363	3.8803369999
674.3525710106	1.0000715256	3.8806695938
675.3526282310	1.0000677109	3.8809871674
676.3526854515	1.0000760555	3.8813045025
677.3517422676	1.0000770092	3.8816268444
678.3517994881	1.0000720024	3.8819422722
679.3518567085	1.0000675917	3.8822662830
680.3519139290	1.0000723600	3.8825793266
681.3519711494	1.0000731945	3.8828809261
682.3520283699	1.0000690222	3.8832209110
683.3520855904	1.0000755787	3.8835096359
684.3521428108	1.0000706911	3.8838438988
685.3522000313	1.0000751019	3.8841574192
686.3522572517	1.0000743866	3.8844847679
687.3523144722	1.0000706911	3.8847901821
688.3523716927	1.0000725985	3.8851053715
689.3524289131	1.0000727177	3.8854131699
690.3524861336	1.0000728369	3.8857338428
691.3525433540	1.0000751019	3.8860411644
692.3526005745	1.0000743866	3.8863508701
693.3526577950	1.0000740290	3.8866612911
694.3517150879	1.0000728369	3.8869776726
695.3517718315	1.0000661612	3.8872711658
696.3518290520	1.0000693798	3.8875772953
697.3518862724	1.0000724792	3.8878929615
698.3519434929	1.0000693798	3.8882057667
699.3520002365	1.0000654459	3.8885126114
700.3520579338	1.0000706911	3.8888192177
701.3521146774	1.0000737906	3.8891332150
702.3521723747	1.0000711679	3.8894507885
703.3522291183	1.0000685453	3.8897557259
704.3522868156	1.0000751019	3.8900692463
705.3523435593	1.0000742674	3.8903672695
706.3524012566	1.0000705719	3.8906774521
707.3524580002	1.0000654459	3.8909716606
708.3525156975	1.0000672340	3.8912742138
709.3525724411	1.0000692606	3.8915750980
710.3526301384	1.0000662804	3.8918609619
711.3526868820	1.0000711679	3.8921623230
712.3517441750	1.0000690222	3.8924720287
713.3518013954	1.0000737906	3.8927724361
714.3518586159	1.0000659227	3.8930706978
715.3519158363	1.0000741482	3.8933618069
716.3519730568	1.0000706911	3.8936657906
717.3520302773	1.0000693798	3.8939542770
718.3520874977	1.0000709295	3.8942670822
719.3521442413	1.0000751019	3.8945376873
720.3522014618	1.0000746250	3.8948333263
721.3522586823	1.0000696182	3.8951377869
722.3523159027	1.0000684261	3.8954253197
723.3523731232	1.0000728369	3.8957035542
724.3524303436	1.0000715256	3.8960111141
725.3524875641	1.0000665188	3.8962936401
726.3525447845	1.0000728369	3.8965759277
727.3526020050	1.0000722408	3.8968722820
728.3526592255	1.0000678301	3.8971724510
729.3517165184	1.0000703335	3.8974308968
730.3517737389	1.0000785589	3.8977508545
731.3518309593	1.0000705719	3.8980209827
732.3518881798	1.0000715256	3.8983159065
733.3519454002	1.0000714064	3.8985924721
734.3520026207	1.0000692606	3.8988592625
735.3520598412	1.0000718832	3.8991568089
736.3521170616	1.0000649691	3.8994302750
737.3521742821	1.0000717640	3.8997051716
738.3522315025	1.0000728369	3.8999934196
739.3522882462	1.0000724792	3.9002692699
740.3523454666	1.0000720024	3.9005405903
741.3524026871	1.0000759363	3.9008133411
742.3524599075	1.0000715256	3.9010908604
743.3525171280	1.0000728369	3.9013671875
744.3525743484	1.0000694990	3.9016327858
745.3526315689	1.0000793934	3.9019093513
746.3526887894	1.0000721216	3.9021728039
747.3517460823	1.0000711679	3.9024519920
748.3518033028	1.0000758171	3.9027216434
749.3518605232	1.0000711679	3.9029855728
750.3519177437	1.0000745058	3.9032611847
751.3519749641	1.0000733137	3.9035284519
752.3520321846	1.0000720024	3.9038031101
753.3520894051	1.0000733137	3.9040601254
754.3521466255	1.0000710487	3.9043302536
755.3522038460	1.0000720024	3.9045836926
756.3522610664	1.0000729561	3.9048426151
757.3523182869	1.0000782013	3.9051415920
758.3523750305	1.0000735521	3.9053776264
759.3524322510	1.0000751019	3.9056344032
760.3524894714	1.0000746250	3.9059045315
761.3525466919	1.0000717640	3.9061625004
762.3526039124	1.0000754595	3.9064097404
763.3526611328	1.0000792742	3.9066777229
764.3517184258	1.0000772476	3.9069144726
765.3517756462	1.0000741482	3.9071602821
766.3518328667	1.0000791550	3.9074130058
767.3518900871	1.0000751019	3.9076704979
768.3519473076	1.0000703335	3.9079027176
769.3520045280	1.0000827312	3.9081726074
770.3520617485	1.0000832081	3.9084050655
771.3521189690	1.0000777245	3.9086620808
772.3521761894	1.0000759363	3.9089164734
773.3522334099	1.0000789165	3.9091522694
774.3522906303	1.0000872612	3.9094185829
775.3523478508	1.0000754595	3.9096522331
776.3524050713	1.0000816584	3.9098722935
777.3524622917	1.0000807047	3.9101305008
778.3525190353	1.0000735521	3.9103677273
779.3525762558	1.0000765324	3.9105985165
780.3526334763	1.0000770092	3.9108293056
781.3526906967	1.0000751019	3.9110643864
782.3517479897	1.0000759363	3.9112982750
783.3518052101	1.0000711679	3.9115419388
784.3518624306	1.0000790358	3.9117739201
785.3519196510	1.0000764132	3.9120118618
786.3519768715	1.0000761747	3.9122443199
787.3520340919	1.0000747442	3.9124605656
788.3520913124	1.0000770092	3.9126970768
789.3521485329	1.0000742674	3.9129424095
790.3522057533	1.0000777245	3.9131827354
791.3522629738	1.0000795126	3.9133930206
792.3523201942	1.0000705719	3.9136118889
793.3523774147	1.0000725985	3.9138472080
794.3524346352	1.0000799894	3.9140620232
795.3524918556	1.0000833273	3.9142861366
796.3525490761	1.0000760555	3.9144999981
797.3526062965	1.0000770092	3.9147326946
798.3526630402	1.0000832081	3.9149589539
799.3517203331	1.0000808239	3.9151954651
800.3517775536	1.0000754595	3.9153985977
801.3518347740	1.0000756979	3.9156258106
802.3518919945	1.0000767708	3.9158349037
803.3519492149	1.0000805855	3.9160461426
804.3520064354	1.0000764132	3.9162716866
805.3520636559	1.0000724792	3.9164850712
806.3521208763	1.0000801086	3.9166920185
807.3521780968	1.0000820160	3.9169092178
808.3522353172	1.0000801086	3.9171152115
809.3522925377	1.0000767708	3.9173340797
810.3523497581	1.0000761747	3.9175386429
811.3524069786	1.0000824928	3.9177396297
812.3524641991	1.0000777245	3.9179577827
813.3525214195	1.0000747442	3.9181632996
814.3525786400	1.0000833273	3.9183611870
815.3526358604	1.0000728369	3.9185740948
816.3516926765	1.0000683069	3.9187893867
817.3517498970	1.0000742674	3.9189779758
818.3518066406	1.0000793934	3.9191963673
819.3518643379	1.0000751019	3.9194037914
820.3519210815	1.0000737906	3.9195933342
821.3519787788	1.0000760555	3.9197902679
822.3520355225	1.0000802279	3.9199976921
823.3520932198	1.0000699759	3.9201958179
824.3521499634	1.0000745058	3.9203979969
825.3522076607	1.0000747442	3.9205951691
826.3522644043	1.0000723600	3.9207923412
827.3523221016	1.0000728369	3.9210011959
828.3523788452	1.0000681877	3.9211804867
829.3524365425	1.0000741482	3.9213771820
830.3524932861	1.0000725985	3.9215741158
831.3525509834	1.0000672340	3.9217724800
832.3526077271	1.0000733137	3.9219598770
833.3526654243	1.0000748634	3.9221518040
834.3517222404	1.0000767708	3.9223468304
835.3517794609	1.0000685453	3.9225296974
836.3518366814	1.0000766516	3.9227142334
837.3518939018	1.0000753403	3.9229171276
838.3519506454	1.0000667572	3.9230771065
839.3520078659	1.0000728369	3.9232897758
840.3520650864	1.0000731945	3.9234540462
841.3521223068	1.0000720024	3.9236400127
842.3521795273	1.0000760555	3.9238331318
843.3522367477	1.0000783205	3.9240086079
844.3522939682	1.0000709295	3.9242036343
845.3523511887	1.0000704527	3.9243760109
846.3524084091	1.0000731945	3.9245624542
847.3524656296	1.0000731945	3.9247419834
848.3525228500	1.0000725985	3.9249265194
849.3525800705	1.0000716448	3.9250986576
850.3526372910	1.0000793934	3.9252970219
851.3516945839	1.0000756979	3.9254701138
852.3517518044	1.0000741482	3.9256517887
853.3518090248	1.0000734329	3.9258439541
854.3518662453	1.0000762939	3.9259996414
855.3519234657	1.0000737906	3.9261829853
856.3519806862	1.0000760555	3.9263544083
857.3520374298	1.0000810623	3.9265489578
858.3520946503	1.0000786781	3.9267334938
859.3521518707	1.0000720024	3.9269037247
860.3522090912	1.0000748634	3.9270653725
861.3522663116	1.0000785589	3.9272224903
862.3523235321	1.0000751019	3.9274377823
863.3523807526	1.0000768900	3.9275956154
864.3524379730	1.0000799894	3.9277520180
865.3524951935	1.0000771284	3.9279279709
866.3525524139	1.0000728369	3.9281015396
867.3526096344	1.0000747442	3.9282557964
868.3526668549	1.0000733137	3.9284365177
869.3517241478	1.0000783205	3.9286231995
870.3517813683	1.0000727177	3.9287626743
871.3518385887	1.0000727177	3.9289267063
872.3518958092	1.0000772476	3.9290950298
873.3519530296	1.0000755787	3.9292716980
874.3520102501	1.0000766516	3.9294307232
875.3520674706	1.0000773668	3.9296092987
876.3521246910	1.0000785589	3.9297831059
877.3521814346	1.0000822544	3.9299347401
878.3522386551	1.0000786781	3.9301114082
879.3522958755	1.0000755787	3.9302737713
880.3523530960	1.0000759363	3.9304244518
881.3524103165	1.0000764132	3.9305891991
882.3524675369	1.0000749826	3.9307401180
883.3525247574	1.0000741482	3.9309079647
884.3525819778	1.0000747442	3.9310703278
885.3526391983	1.0000720024	3.9312291145
886.3516964912	1.0000747442	3.9313814640
887.3517537117	1.0000780821	3.9315516949
888.3518109322	1.0000736713	3.9317100048
889.3518681526	1.0000715256	3.9318656921
890.3519253731	1.0000772476	3.9320263863
891.3519825935	1.0000792742	3.9321963787
892.3520398140	1.0000758171	3.9323585033
893.3520970345	1.0000734329	3.9325177670
894.3521542549	1.0000745058	3.9326488972
895.3522114754	1.0000779629	3.9328427315
896.3522686958	1.0000724792	3.9329795837
897.3523254395	1.0000694990	3.9331367016
898.3523826599	1.0000741482	3.9332995415
899.3524398804	1.0000767708	3.9334475994
900.3524971008	1.0000767708	3.9336040020
901.3525543213	1.0000628233	3.9337582588
902.3526115417	1.0000685453	3.9339160919
903.3526687622	1.0000743866	3.9340794086
904.3517260551	1.0000797510	3.9342124462
905.3517832756	1.0000667572	3.9343726635
906.3518404961	1.0000685453	3.9345264435
907.3518977165	1.0000677109	3.9346702099
908.3519549370	1.0000679493	3.9348225594
909.3520121574	1.0000650883	3.9349725246
910.3520693779	1.0000689030	3.9351243973
911.3521265984	1.0000700951	3.9352719784
912.3521838188	1.0000662804	3.9354271889
913.3522410393	1.0000663996	3.9355547428
914.3522982597	1.0000609159	3.9357182980
915.3523554802	1.0000660419	3.9358503819
916.3524127007	1.0000679493	3.9360270500
917.3524694443	1.0000654459	3.9361577034
918.3525266647	1.0000659227	3.9363031387
919.3525838852	1.0000724792	3.9364514351
920.3526411057	1.0000678301	3.9366018772
921.3516983986	1.0000685453	3.9367530346
922.3517556190	1.0000736713	3.9369044304
923.3518128395	1.0000746250	3.9370462894
924.3518700600	1.0000697374	3.9371757507
925.3519272804	1.0000731945	3.9373273849
926.3519845009	1.0000733137	3.9374573231
927.3520417213	1.0000723600	3.9376249313
928.3520989418	1.0000720024	3.9377710819
929.3521561623	1.0000740290	3.9379062653
930.3522133827	1.0000731945	3.9380345345
931.3522706032	1.0000660419	3.9381952286
932.3523278236	1.0000754595	3.9383220673
933.3523850441	1.0000759363	3.9384682178
934.3524422646	1.0000672340	3.9386048317
935.3524994850	1.0000749826	3.9387369156
936.3525562286	1.0000782013	3.9388971329
937.3526134491	1.0000745058	3.9390246868
938.3526706696	1.0000752211	3.9391670227
939.3517274857	1.0000728369	3.9393086433
940.3517851830	1.0000725985	3.9394450188
941.3518419266	1.0000789165	3.9395744801
942.3518996239	1.0000706911	3.9397215843
943.3519563675	1.0000733137	3.9398636818
944.3520140648	1.0000773668	3.9399969578
945.3520708084	1.0000767708	3.9401421547
946.3521285057	1.0000734329	3.9402735233
947.3521852493	1.0000712872	3.9404115677
948.3522429466	1.0000789165	3.9405536652
949.3522996902	1.0000739098	3.9406890869
950.3523573875	1.0000680685	3.9408369064
951.3524141312	1.0000751019	3.9409663677
952.3524718285	1.0000756979	3.9411120415
953.3525285721	1.0000759363	3.9412317276
954.3525862694	1.0000692606	3.9413623810
955.3526430130	1.0000758171	3.9414954185
956.3516998291	1.0000782013	3.9416232109
957.3517570496	1.0000751019	3.9417436123
958.3518142700	1.0000749826	3.9419097900
959.3518714905	1.0000741482	3.9420301914
960.3519287109	1.0000709295	3.9421534538
961.3519859314	1.0000774860	3.9422869682
962.3520431519	1.0000789165	3.9424273968
963.3521003723	1.0000727177	3.9425806999
964.3521575928	1.0000754595	3.9426851273
965.3522148132	1.0000710487	3.9428062439
966.3522720337	1.0000776052	3.9429557323
967.3523292542	1.0000786781	3.9430799484
968.3523864746	1.0000782013	3.9432182312
969.3524436951	1.0000762939	3.9433526993
970.3525009155	1.0000753403	3.9434895515
971.3525581360	1.0000793934	3.9436175823
972.3526153564	1.0000777245	3.9437325001
973.3526725769	1.0000790358	3.9438738823
974.3517298698	1.0000753403	3.9440119267
975.3517870903	1.0000733137	3.9441318512
976.3518438339	1.0000725985	3.9442620277
977.3519010544	1.0000765324	3.9443924427
978.3519582748	1.0000720024	3.9445223808
979.3520154953	1.0000766516	3.9446597099
980.3520727158	1.0000667572	3.9447760582
981.3521299362	1.0000753403	3.9448962212
982.3521871567	1.0000793934	3.9450137615
983.3522443771	1.0000754595	3.9451425076
984.3523015976	1.0000761747	3.9452884197
985.3523588181	1.0000764132	3.9454100132
986.3524160385	1.0000723600	3.9455139637
987.3524732590	1.0000773668	3.9456520081
988.3525304794	1.0000782013	3.9457814693
989.3525876999	1.0000742674	3.9459159374
990.3526449203	1.0000768900	3.9460277557
991.3517022133	1.0000772476	3.9461464882
992.3517594337	1.0000816584	3.9462759495
993.3518166542	1.0000765324	3.9464113712
994.3518738747	1.0000745058	3.9465460777
995.3519310951	1.0000780821	3.9466578960
996.3519878387	1.0000720024	3.9467890263
997.3520450592	1.0000770092	3.9469075203
998.3521022797	1.0000784397	3.9470460415
999.3521595001	1.0000770092	3.9471619129
1000.3522167206	1.0000760555	3.9472813606
1001.3522739410	1.0000711679	3.9474096298
1002.3523311615	1.0000753403	3.9475290775
1003.3523883820	1.0000737906	3.9476454258
1004.3524456024	1.0000789165	3.9477615356
1005.3525028229	1.0000807047	3.9478893280
1006.3525600433	1.0000685453	3.9480118752
1007.3526172638	1.0000722408	3.9481468201
1008.3526744843	1.0000772476	3.9482569695
1009.3517317772	1.0000718832	3.9483845234
1010.3517889977	1.0000718832	3.9484970570
1011.3518462181	1.0000743866	3.9486107826
1012.3519034386	1.0000734329	3.9487493038
1013.3519606590	1.0000715256	3.9488525391
1014.3520178795	1.0000709295	3.9489581585
1015.3520750999	1.0000784397	3.9491009712
1016.3521318436	1.0000815392	3.9492170811
1017.3521890640	1.0000711679	3.9493243694
1018.3522462845	1.0000777245	3.9494700432
1019.3523035049	1.0000761747	3.9495811462
1020.3523607254	1.0000689030	3.9496974945
1021.3524179459	1.0000752211	3.9498250484
1022.3524751663	1.0000798702	3.9499416351
1023.3525323868	1.0000749826	3.9500694275
1024.3525896072	1.0000798702	3.9501888752
1025.3526468277	1.0000791550	3.9502902031
1026.3517041206	1.0000822544	3.9504003525
1027.3517613411	1.0000807047	3.9505522251
1028.3518185616	1.0000782013	3.9506611824
1029.3518757820	1.0000767708	3.9507644176
1030.3519330025	1.0000829697	3.9508900642
1031.3519902229	1.0000752211	3.9510185719
1032.3520474434	1.0000733137	3.9511141777
1033.3521046638	1.0000737906	3.9512367249
1034.3521618843	1.0000780821	3.9513599873
1035.3522186279	1.0000772476	3.9514894485
1036.3522758484	1.0000745058	3.9515957832
1037.3523330688	1.0000801086	3.9517154694
1038.3523902893	1.0000805855	3.9518320560
1039.3524475098	1.0000784397	3.9519510269
1040.3525047302	1.0000821352	3.9520666599
1041.3525619507	1.0000821352	3.9521763325
1042.3526191711	1.0000792742	3.9523007870
1043.3526763916	1.0000731945	3.9524123669
1044.3517336845	1.0000772476	3.9525215626
1045.3517909050	1.0000787973	3.9526462555
1046.3518481255	1.0000777245	3.9527692795
1047.3519053459	1.0000733137	3.9528794289
1048.3519625664	1.0000795126	3.9529893398
1049.3520197868	1.0000793934	3.9531109333
1050.3520770073	1.0000811815	3.9532210827
1051.3521342278	1.0000797510	3.9533410072
1052.3521914482	1.0000758171	3.9534382820
1053.3522486687	1.0000834465	3.9535617828
1054.3523058891	1.0000747442	3.9536614418
1055.3523626328	1.0000772476	3.9537911415
1056.3524198532	1.0000808239	3.9539129734
1057.3524770737	1.0000782013	3.9540112019
1058.3525342941	1.0000845194	3.9541268349
1059.3525915146	1.0000814199	3.9542436600
1060.3526487350	1.0000779629	3.9543592930
1061.3517060280	1.0000802279	3.9544618130
1062.3517627716	1.0000791550	3.9545865059
1063.3518204689	1.0000778437	3.9547090530
1064.3518772125	1.0000777245	3.9548239708
1065.3519349098	1.0000802279	3.9549288750
1066.3519916534	1.0000804663	3.9550354481
1067.3520493507	1.0000784397	3.9551594257
1068.3521060944	1.0000772476	3.9552516937
1069.3521637917	1.0000783205	3.9553744793
1070.3522205353	1.0000767708	3.9554808140
1071.3522782326	1.0000751019	3.9555807114
1072.3523349762	1.0000784397	3.9557082653
1073.3523926735	1.0000811815	3.9558205605
1074.3524494171	1.0000723600	3.9559285641
1075.3525066376	1.0000784397	3.9560368061
1076.3525638580	1.0000791550	3.9561517239
1077.3526210785	1.0000764132	3.9562721252
1078.3526782990	1.0000722408	3.9563796520
1079.3517351151	1.0000702143	3.9564993382
1080.3517923355	1.0000807047	3.9566018581
1081.3518495560	1.0000789165	3.9567286968
1082.3519067764	1.0000777245	3.9568240643
1083.3519639969	1.0000748634	3.9569475651
1084.3520212173	1.0000787973	3.9570553303
1085.3520784378	1.0000767708	3.9571552277
1086.3521356583	1.0000787973	3.9572775364
1087.3521928787	1.0000731945	3.9573733807
1088.3522500992	1.0000787973	3.9574973583
1089.3523073196	1.0000777245	3.9576139450
1090.3523645401	1.0000724792	3.9577260017
1091.3524217606	1.0000789165	3.9578149319
1092.3524789810	1.0000785589	3.9579434395
1093.3525362015	1.0000653267	3.9580440521
1094.3525934219	1.0000725985	3.9581584930
1095.3526506424	1.0000797510	3.9582688808
1096.3517074585	1.0000716448	3.9583771229
1097.3517646790	1.0000749826	3.9584856033
1098.3518218994	1.0000780821	3.9585914612
1099.3518791199	1.0000754595	3.9587130547
1100.3519363403	1.0000675917	3.9587979317
1101.3519935608	1.0000743866	3.9589140415
1102.3520507813	1.0000760555	3.9590263367
1103.3521080017	1.0000743866	3.9591317177
1104.3521652222	1.0000768900	3.9592373371
1105.3522224426	1.0000755787	3.9593570232
1106.3522796631	1.0000785589	3.9594583511
1107.3523368835	1.0000810623	3.9595685005
1108.3523941040	1.0000780821	3.9596807957
1109.3524513245	1.0000773668	3.9597682953
1110.3525085449	1.0000786781	3.9599044323
1111.3525657654	1.0000702143	3.9599969387
1112.3526229858	1.0000818968	3.9600934982
1113.3526802063	1.0000787973	3.9602241516
1114.3517374992	1.0000722408	3.9602947235
1115.3517942429	1.0000793934	3.9604108334
1116.3518514633	1.0000762939	3.9605231285
1117.3519086838	1.0000754595	3.9606370926
1118.3519659042	1.0000698566	3.9607281685
1119.3520231247	1.0000746250	3.9608368874
1120.3520803452	1.0000790358	3.9609785080
1121.3521375656	1.0000746250	3.9610488415
1122.3521947861	1.0000730753	3.9611606598
1123.3522520065	1.0000746250	3.9612774849
1124.3523092270	1.0000767708	3.9614036083
1125.3523664474	1.0000745058	3.9615054131
1126.3524236679	1.0000799894	3.9616014957
1127.3524808884	1.0000722408	3.9617013931
1128.3525381088	1.0000725985	3.9618244171
1129.3525953293	1.0000706911	3.9619181156
1130.3526525497	1.0000759363	3.9620242119
1131.3517098427	1.0000749826	3.9621267319
1132.3517670631	1.0000700951	3.9622375965
1133.3518242836	1.0000714064	3.9623510838
1134.3518810272	1.0000706911	3.9624497890
1135.3519382477	1.0000685453	3.9625818729
1136.3519954681	1.0000742674	3.9626615047
1137.3520526886	1.0000674725	3.9627711773
1138.3521099091	1.0000693798	3.9628674984
1139.3521671295	1.0000711679	3.9629886150
1140.3522243500	1.0000729561	3.9630863667
1141.3522815704	1.0000754595	3.9632060528
1142.3523387909	1.0000741482	3.9633054733
1143.3523960114	1.0000702143	3.9634196758
1144.3524532318	1.0000746250	3.9635193348
1145.3525104523	1.0000733137	3.9636156559
1146.3525676727	1.0000700951	3.9637236595
1147.3526248932	1.0000778437	3.9638328552
1148.3526821136	1.0000746250	3.9639461040
1149.3517394066	1.0000702143	3.9640438557
1150.3517966270	1.0000660419	3.9641442299
1151.3518538475	1.0000681877	3.9642481804
1152.3519110680	1.0000731945	3.9643619061
1153.3519682884	1.0000702143	3.9644718170
1154.3520250320	1.0000686646	3.9645745754
1155.3520822525	1.0000733137	3.9646739960
1156.3521394730	1.0000690222	3.9647855759
1157.3521966934	1.0000689030	3.9648823738
1158.3522539139	1.0000776052	3.9649934769
1159.3523111343	1.0000755787	3.9650931358
1160.3523683548	1.0000705719	3.9652028084
1161.3524255753	1.0000737906	3.9653067589
1162.3524827957	1.0000756979	3.9654073715
1163.3525400162	1.0000709295	3.9655201435
1164.3525972366	1.0000672340	3.9655897617
1165.3526544571	1.0000770092	3.9657123089
1166.3517117500	1.0000755787	3.9658167362
1167.3517689705	1.0000724792	3.9659256935
1168.3518261909	1.0000765324	3.9660196304
1169.3518834114	1.0000733137	3.9661328793
1170.3519406319	1.0000745058	3.9662356377
1171.3519978523	1.0000765324	3.9663560390
1172.3520550728	1.0000755787	3.9664454460
1173.3521122932	1.0000716448	3.9665570259
1174.3521690369	1.0000792742	3.9666543007
1175.3522262573	1.0000741482	3.9667661190
1176.3522834778	1.0000716448	3.9668462276
1177.3523406982	1.0000813007	3.9669561386
1178.3523979187	1.0000790358	3.9670736790
1179.3524551392	1.0000797510	3.9671680927
1180.3525123596	1.0000773668	3.9672541618
1181.3525695801	1.0000746250	3.9673759937
1182.3526268005	1.0000797510	3.9674804211
1183.3526840210	1.0000816584	3.9675889015
1184.3517413139	1.0000836849	3.9676742554
1185.3517980576	1.0000767708	3.9677836895
1186.3518557549	1.0000731945	3.9678726196
1187.3519124985	1.0000787973	3.9679870605
1188.3519701958	1.0000755787	3.9680960178
1189.3520269394	1.0000767708	3.9681880474
1190.3520846367	1.0000791550	3.9682991505
1191.3521413803	1.0000767708	3.9684147835
1192.3521990776	1.0000767708	3.9685068130
1193.3522558212	1.0000780821	3.9685873985
1194.3523130417	1.0000774860	3.9687089920
1195.3523702621	1.0000770092	3.9688298702
1196.3524274826	1.0000803471	3.9689207077
1197.3524847031	1.0000802279	3.9690179825
1198.3525419235	1.0000833273	3.9691367149
1199.3525986671	1.0000780821	3.9692156315
1200.3526563644	1.0000824928	3.9693186283
1201.3517131805	1.0000790358	3.9694168568
1202.3517704010	1.0000761747	3.9695384502
1203.3518276215	1.0000739098	3.9696211815
1204.3518848419	1.0000796318	3.9697253704
1205.3519420624	1.0000777245	3.9698379040
1206.3519992828	1.0000748634	3.9699285030
1207.3520565033	1.0000709295	3.9700269699
1208.3521137238	1.0000737906	3.9701216221
1209.3521709442	1.0000764132	3.9702293873
1210.3522281647	1.0000742674	3.9703347683
1211.3522853851	1.0000780821	3.9704425335
1212.3523426056	1.0000810623	3.9705302715
1213.3523998260	1.0000729561	3.9706330299
1214.3524570465	1.0000745058	3.9707210064
1215.3525142670	1.0000758171	3.9708197117
1216.3525714874	1.0000793934	3.9709265232
1217.3526282310	1.0000761747	3.9710211754
1218.3526854515	1.0000764132	3.9711198807
1219.3517427444	1.0000777245	3.9712224007
1220.3517999649	1.0000755787	3.9713335037
1221.3518571854	1.0000697374	3.9714403152
1222.3519144058	1.0000764132	3.9715278149
1223.3519716263	1.0000787973	3.9716331959
1224.3520288467	1.0000764132	3.9717237949
1225.3520860672	1.0000780821	3.9718360901
1226.3521432877	1.0000768900	3.9719426632
1227.3522005081	1.0000789165	3.9720325470
1228.3522577286	1.0000720024	3.9721317291
1229.3523149490	1.0000767708	3.9722373486
1230.3523721695	1.0000728369	3.9723439217
1231.3524293900	1.0000725985	3.9724273682
1232.3524866104	1.0000727177	3.9725291729
1233.3525438309	1.0000724792	3.9726345539
1234.3526010513	1.0000749826	3.9727349281
1235.3526582718	1.0000751019	3.9728512764
1236.3517150879	1.0000724792	3.9729406834
1237.3517723083	1.0000716448	3.9730422497
1238.3518295288	1.0000706911	3.9731516838
1239.3518867493	1.0000779629	3.9732317924
1240.3519439697	1.0000787973	3.9733407497
1241.3520011902	1.0000755787	3.9734327793
1242.3520584106	1.0000848770	3.9735431671
1243.3521156311	1.0000793934	3.9736506939
1244.3521728516	1.0000784397	3.9737415314
1245.3522300720	1.0000768900	3.9738376141
1246.3522872925	1.0000789165	3.9739477634
1247.3523445129	1.0000731945	3.9740557671
1248.3524017334	1.0000782013	3.9741365910
1249.3524589539	1.0000820160	3.9742429256
1250.3525161743	1.0000743866	3.9743335247
1251.3525733948	1.0000755787	3.9744222164
1252.3526306152	1.0000749826	3.9745416641
1253.3526878357	1.0000745058	3.9746429920
1254.3517446518	1.0000754595	3.9747257233
1255.3518018723	1.0000745058	3.9748136997
1256.3518590927	1.0000754595	3.9749231339
1257.3519163132	1.0000746250	3.9750404358
1258.3519735336	1.0000746250	3.9751241207
1259.3520307541	1.0000765324	3.9752109051
1260.3520879745	1.0000724792	3.9753232002
1261.3521451950	1.0000751019	3.9754283428
1262.3522024155	1.0000793934	3.9755182266
1263.3522596359	1.0000759363	3.9756274223
1264.3523168564	1.0000679493	3.9757232666
1265.3523740768	1.0000729561	3.9758141041
1266.3524312973	1.0000715256	3.9759268761
1267.3524885178	1.0000690222	3.9760181904
1268.3525457382	1.0000724792	3.9761173725
1269.3526029587	1.0000770092	3.9762306213
1270.3526601791	1.0000678301	3.9763329029
1271.3517174721	1.0000702143	3.9764268398
1272.3517746925	1.0000754595	3.9765248299
1273.3518314362	1.0000785589	3.9766314030
1274.3518886566	1.0000724792	3.9767162800
1275.3519458771	1.0000623465	3.9768121243
1276.3520030975	1.0000716448	3.9769158363
1277.3520603180	1.0000730753	3.9770188332
1278.3521175385	1.0000723600	3.9771301746
1279.3521747589	1.0000672340	3.9772200584
1280.3522319794	1.0000674725	3.9772961140
1281.3522891998	1.0000728369	3.9774012566
1282.3523464203	1.0000754595	3.9775037766
1283.3524036407	1.0000742674	3.9776163101
1284.3524608612	1.0000721216	3.9777097702
1285.3525180817	1.0000748634	3.9778153896
1286.3525753021	1.0000746250	3.9779014587
1287.3526325226	1.0000746250	3.9780130386
1288.3526897430	1.0000711679	3.9781143665
1289.3517470360	1.0000733137	3.9782023430
1290.3518042564	1.0000725985	3.9783015251
1291.3518614769	1.0000792742	3.9784033298
1292.3519186974	1.0000739098	3.9785053730
1293.3519754410	1.0000703335	3.9785993099
1294.3520326614	1.0000756979	3.9786798954
1295.3520898819	1.0000740290	3.9788055420
1296.3521471024	1.0000691414	3.9788815975
1297.3522043228	1.0000717640	3.9789805412
1298.3522615433	1.0000694990	3.9790797234
1299.3523187637	1.0000749826	3.9791944027
1300.3523759842	1.0000706911	3.9792752266
1301.3524332047	1.0000748634	3.9793858528
1302.3524904251	1.0000725985	3.9794809818
1303.3525476456	1.0000730753	3.9795737267
1304.3526048660	1.0000780821	3.9796669483
1305.3526620865	1.0000745058	3.9797720909
1306.3517189026	1.0000766516	3.9798734188
1307.3517765999	1.0000755787	3.9799749851
1308.3518333435	1.0000733137	3.9800610542
1309.3518910408	1.0000765324	3.9801704884
1310.3519477844	1.0000733137	3.9802663326
1311.3520054817	1.0000724792	3.9803514481
1312.3520622253	1.0000766516	3.9804384708
1313.3521194458	1.0000725985	3.9805324078
1314.3521766663	1.0000758171	3.9806585312
1315.3522338867	1.0000720024	3.9807426929
1316.3522906303	1.0000737906	3.9808359146
1317.3523483276	1.0000737906	3.9809257984
1318.3524050713	1.0000762939	3.9810335636
1319.3524627686	1.0000774860	3.9811282158
1320.3525195122	1.0000711679	3.9812164307
1321.3525772095	1.0000755787	3.9813055992
1322.3526339531	1.0000797510	3.9813911915
1323.3526916504	1.0000766516	3.9815003872
1324.3517484665	1.0000772476	3.9816019535
1325.3518056870	1.0000698566	3.9816939831
1326.3518629074	1.0000767708	3.9818065166
1327.3519201279	1.0000692606	3.9818942547
1328.3519773483	1.0000683069	3.9819877148
1329.3520345688	1.0000678301	3.9820961952
1330.3520917892	1.0000737906	3.9821751118
1331.3521490097	1.0000696182	3.9822814465
1332.3522062302	1.0000702143	3.9823808670
1333.3522634506	1.0000770092	3.9824686050
1334.3523206711	1.0000749826	3.9825747013
1335.3523778915	1.0000680685	3.9826738834
1336.3524346352	1.0000667572	3.9827623367
1337.3524918556	1.0000698566	3.9828503132
1338.3525490761	1.0000665188	3.9829707146
1339.3526062965	1.0000669956	3.9830634594
1340.3526635170	1.0000689030	3.9831488132
1341.3517208099	1.0000703335	3.9832603931
1342.3517780304	1.0000634193	3.9833483696
1343.3518352509	1.0000623465	3.9834411144
1344.3518924713	1.0000714064	3.9835371971
1345.3519496918	1.0000674725	3.9836344719
1346.3520069122	1.0000609159	3.9837231636
1347.3520641327	1.0000668764	3.9838347435
1348.3521213531	1.0000671148	3.9839169979
1349.3521785736	1.0000659227	3.9840314388
1350.3522357941	1.0000649691	3.9841279984
1351.3522930145	1.0000656843	3.9842331409
1352.3523502350	1.0000720024	3.9843282700
1353.3524074554	1.0000675917	3.9844424725
1354.3524646759	1.0000680685	3.9845287800
1355.3525218964	1.0000721216	3.9846138954
1356.3525786400	1.0000761747	3.9847118855
1357.3526358604	1.0000762939	3.9848210812
1358.3516931534	1.0000761747	3.9849233627
1359.3517503738	1.0000725985	3.9850101471
1360.3518075943	1.0000724792	3.9850928783
1361.3518648148	1.0000715256	3.9851889610
1362.3519220352	1.0000737906	3.9852986336
1363.3519792557	1.0000716448	3.9853789806
1364.3520364761	1.0000717640	3.9854969978
1365.3520936966	1.0000675917	3.9855864048
1366.3521509171	1.0000715256	3.9856917858
1367.3522081375	1.0000742674	3.9857857227
1368.3522653580	1.0000720024	3.9858777523
1369.3523225784	1.0000715256	3.9859807491
1370.3523797989	1.0000679493	3.9860584736
1371.3524370193	1.0000777245	3.9861483574
1372.3524942398	1.0000700951	3.9862661362
1373.3525514603	1.0000668764	3.9863724709
1374.3526086807	1.0000751019	3.9864451885
1375.3526659012	1.0000661612	3.9865345955
1376.3517227173	1.0000668764	3.9866464138
1377.3517799377	1.0000724792	3.9867339134
1378.3518371582	1.0000728369	3.9868316650
1379.3518943787	1.0000723600	3.9869461060
1380.3519515991	1.0000698566	3.9870288372
1381.3520088196	1.0000660419	3.9871287346
1382.3520660400	1.0000693798	3.9872107506
1383.3521232605	1.0000671148	3.9873120785
1384.3521804810	1.0000674725	3.9873921871
1385.3522377014	1.0000677109	3.9875044823
1386.3522949219	1.0000690222	3.9875893593
1387.3523521423	1.0000706911	3.9876728058
1388.3524093628	1.0000673532	3.9877734184
1389.3524665833	1.0000684261	3.9878680706
1390.3525238037	1.0000767708	3.9879639149
1391.3525810242	1.0000711679	3.9880766869
1392.3526382446	1.0000680685	3.9881682396
1393.3516950607	1.0000684261	3.9882583618
1394.3517522812	1.0000759363	3.9883644581
1395.3518095016	1.0000659227	3.9884696007
1396.3518667221	1.0000642538	3.9885458946
1397.3519239426	1.0000756979	3.9886438847
1398.3519811630	1.0000742674	3.9887542725
1399.3520383835	1.0000678301	3.9888548851
1400.3520956039	1.0000734329	3.9889388084
1401.3521528244	1.0000706911	3.9890356064
1402.3522100449	1.0000724792	3.9891405106
1403.3522672653	1.0000759363	3.9892373085
1404.3523244858	1.0000678301	3.9893219471
1405.3523817062	1.0000709295	3.9894101620
1406.3524389267	1.0000767708	3.9894928932
1407.3524961472	1.0000699759	3.9896123409
1408.3525533676	1.0000687838	3.9897136688
1409.3526105881	1.0000725985	3.9897930622
1410.3526678085	1.0000703335	3.9898846149
1411.3517251015	1.0000716448	3.9899795055
1412.3517818451	1.0000659227	3.9900908470
1413.3518390656	1.0000694990	3.9901568890
1414.3518962860	1.0000720024	3.9902653694
1415.3519535065	1.0000656843	3.9903700352
1416.3520107269	1.0000690222	3.9904658794
1417.3520679474	1.0000668764	3.9905488491
1418.3521251678	1.0000702143	3.9906551838
1419.3521823883	1.0000641346	3.9907495975
1420.3522396088	1.0000641346	3.9908344746
1421.3522968292	1.0000678301	3.9909522533
1422.3523540497	1.0000649691	3.9910328388
1423.3524112701	1.0000674725	3.9911282063
1424.3524684906	1.0000754595	3.9912228584
1425.3525257111	1.0000680685	3.9913287163
1426.3525829315	1.0000640154	3.9914023876
1427.3526401520	1.0000654459	3.9915165901
1428.3516974449	1.0000636578	3.9916110039
1429.3517541885	1.0000660419	3.9917018414
1430.3518118858	1.0000717640	3.9918143749
1431.3518686295	1.0000643730	3.9918990135
1432.3519258499	1.0000662804	3.9919967651
1433.3519830704	1.0000689030	3.9920790195
1434.3520402908	1.0000733137	3.9921908379
1435.3520970345	1.0000735521	3.9922828674
1436.3521547318	1.0000659227	3.9923820496
1437.3522114754	1.0000702143	3.9924738407
1438.3522691727	1.0000764132	3.9925816059
1439.3523259163	1.0000689030	3.9926662445
1440.3523836136	1.0000746250	3.9927642345
1441.3524403572	1.0000693798	3.9928469658
1442.3524980545	1.0000671148	3.9929580688
1443.3525547981	1.0000756979	3.9930508137
1444.3526124954	1.0000752211	3.9931282997
1445.3526692390	1.0000679493	3.9932394028
1446.3517265320	1.0000747442	3.9933104515
1447.3517837524	1.0000717640	3.9934103489
1448.3518409729	1.0000635386	3.9934988022
1449.3518981934	1.0000729561	3.9936101437
1450.3519554138	1.0000649691	3.9937026501
1451.3520126343	1.0000642538	3.9937939644
1452.3520698547	1.0000711679	3.9938838482
1453.3521270752	1.0000698566	3.9939837456
1454.3521842957	1.0000667572	3.9940810204
1455.3522410393	1.0000680685	3.9941883087
1456.3522982597	1.0000714064	3.9942662716
1457.3523554802	1.0000686646	3.9943697453
1458.3524127007	1.0000669956	3.9944765568
1459.3524699211	1.0000604391	3.9945645332
1460.3525271416	1.0000717640	3.9946444035
1461.3525843620	1.0000689030	3.9947526455
1462.3526415825	1.0000691414	3.9948446751
1463.3516988754	1.0000679493	3.9949564934
1464.3517560959	1.0000708103	3.9950416088
1465.3518133163	1.0000749826	3.9951384068
1466.3518705368	1.0000720024	3.9952390194
1467.3519277573	1.0000672340	3.9953334332
1468.3519849777	1.0000760555	3.9954335690
1469.3520421982	1.0000734329	3.9955344200
1470.3520994186	1.0000637770	3.9956233501
1471.3521566391	1.0000699759	3.9957211018
1472.3522138596	1.0000733137	3.9958090782
1473.3522710800	1.0000714064	3.9959194660
1474.3523283005	1.0000702143	3.9960076809
1475.3523850441	1.0000711679	3.9961047173
1476.3524422646	1.0000741482	3.9962000847
1477.3524994850	1.0000662804	3.9962756634
1478.3525567055	1.0000733137	3.9963643551
1479.3526139259	1.0000735521	3.9964859486
1480.3526711464	1.0000734329	3.9965720177
1481.3517284393	1.0000762939	3.9966607094
1482.3517856598	1.0000773668	3.9967617989
1483.3518428802	1.0000702143	3.9968442917
1484.3519001007	1.0000714064	3.9969480038
1485.3519573212	1.0000785589	3.9970433712
1486.3520145416	1.0000659227	3.9971356392
1487.3520717621	1.0000697374	3.9972329140
1488.3521289825	1.0000747442	3.9973177910
1489.3521862030	1.0000702143	3.9974231720
1490.3522434235	1.0000729561	3.9975085258
1491.3523006439	1.0000736713	3.9976074696
1492.3523578644	1.0000733137	3.9977273941
1493.3524150848	1.0000667572	3.9977927208
1494.3524718285	1.0000711679	3.9978907108
1495.3525290489	1.0000731945	3.9979944229
1496.3525862694	1.0000786781	3.9980938435
1497.3526434898	1.0000720024	3.9981813431
1498.3517007828	1.0000675917	3.9982888699
1499.3517580032	1.0000785589	3.9983849525
1500.3518152237	1.0000743866	3.9984643459
1501.3518724442	1.0000712872	3.9985618591
1502.3519296646	1.0000725985	3.9986593723
1503.3519868851	1.0000647306	3.9987359047
1504.3520441055	1.0000722408	3.9988400936
1505.3521013260	1.0000698566	3.9989485741
1506.3521585464	1.0000667572	3.9990327358
1507.3522157669	1.0000711679	3.9991216660
1508.3522729874	1.0000702143	3.9992356300
1509.3523302078	1.0000697374	3.9993283749
1510.3523874283	1.0000728369	3.9994282722
1511.3524446487	1.0000721216	3.9995207787
1512.3525018692	1.0000662804	3.9996066093
1513.3525590897	1.0000709295	3.9997167587
1514.3526158333	1.0000722408	3.9998121262
1515.3526730537	1.0000702143	3.9999005795
1516.3517303467	1.0000693798	3.9999856949
1517.3517875671	1.0000758171	4.0000863075
1518.3518447876	1.0000752211	4.0001835823
1519.3519020081	1.0000674725	4.0002708435
1520.3519592285	1.0000684261	4.0003561974
1521.3520164490	1.0000722408	4.0004653931
1522.3520736694	1.0000703335	4.0005722046
1523.3521308899	1.0000683069	4.0006608963
1524.3521881104	1.0000772476	4.0007653236
1525.3522453308	1.0000740290	4.0008516312
1526.3523025513	1.0000656843	4.0009450912
1527.3523597717	1.0000697374	4.0010256767
1528.3524169922	1.0000777245	4.0011253357
1529.3524742126	1.0000728369	4.0012164116
1530.3525314331	1.0000764132	4.0013270378
1531.3525886536	1.0000723600	4.0014271736
1532.3526458740	1.0000704527	4.0015172958
1533.3517026901	1.0000659227	4.0016007423
1534.3517599106	1.0000759363	4.0017132759
1535.3518171310	1.0000771284	4.0018086433
1536.3518743515	1.0000729561	4.0019063950
1537.3519315720	1.0000733137	4.0019903183
1538.3519887924	1.0000774860	4.0020980835
1539.3520460129	1.0000782013	4.0021829605
1540.3521032333	1.0000720024	4.0022830963
1541.3521604538	1.0000751019	4.0023837090
1542.3522176743	1.0000778437	4.0024623871
1543.3522748947	1.0000759363	4.0025672913
1544.3523321152	1.0000759363	4.0026659966
1545.3523893356	1.0000718832	4.0027556419
1546.3524465561	1.0000783205	4.0028505325
1547.3525037766	1.0000760555	4.0029482841
1548.3525609970	1.0000712872	4.0030398369
1549.3526182175	1.0000716448	4.0031452179
1550.3526754379	1.0000722408	4.0032291412
1551.3517322540	1.0000727177	4.0033183098
1552.3517894745	1.0000751019	4.0034151077
1553.3518466949	1.0000785589	4.0035057068
1554.3519034386	1.0000785589	4.0036001205
1555.3519611359	1.0000737906	4.0037169456
1556.3520178795	1.0000792742	4.0037994385
1557.3520755768	1.0000785589	4.0038914680
1558.3521323204	1.0000740290	4.0039782524
1559.3521900177	1.0000785589	4.0040941238
1560.3522467613	1.0000731945	4.0041861534
1561.3523044586	1.0000729561	4.0042858124
1562.3523612022	1.0000691414	4.0043649673
1563.3524188995	1.0000731945	4.0044612885
1564.3524756432	1.0000752211	4.0045523643
1565.3525333405	1.0000703335	4.0046730042
1566.3525900841	1.0000683069	4.0047411919
1567.3526477814	1.0000760555	4.0048632622
1568.3517045975	1.0000765324	4.0049419403
1569.3517618179	1.0000745058	4.0050439835
1570.3518190384	1.0000706911	4.0051388741
1571.3518762589	1.0000764132	4.0052261353
1572.3519334793	1.0000737906	4.0053176880
1573.3519906998	1.0000680685	4.0054311752
1574.3520474434	1.0000715256	4.0055179596
1575.3521046638	1.0000752211	4.0056004524
1576.3521618843	1.0000617504	4.0057115555
1577.3522191048	1.0000700951	4.0057950020
1578.3522763252	1.0000739098	4.0059094429
1579.3523335457	1.0000710487	4.0060138702
1580.3523907661	1.0000665188	4.0060992241
1581.3524479866	1.0000740290	4.0061945915
1582.3525052071	1.0000724792	4.0062727928
1583.3525624275	1.0000721216	4.0063867569
1584.3526196480	1.0000687838	4.0064787865
1585.3526768684	1.0000749826	4.0065717697
1586.3517341614	1.0000685453	4.0066547394
1587.3517913818	1.0000714064	4.0067582130
1588.3518486023	1.0000656843	4.0068573952
1589.3519058228	1.0000703335	4.0069503784
1590.3519630432	1.0000669956	4.0070519447
1591.3520202637	1.0000661612	4.0071549416
1592.3520774841	1.0000677109	4.0072588921
1593.3521342278	1.0000715256	4.0073285103
1594.3521914482	1.0000675917	4.0074253082
1595.3522486687	1.0000669956	4.0075359344
1596.3523058891	1.0000631809	4.0076179504
1597.3523631096	1.0000611544	4.0077018738
1598.3524203300	1.0000711679	4.0078234673
1599.3524775505	1.0000686646	4.0079226494
1600.3525347710	1.0000665188	4.0080204010
1601.3525919914	1.0000697374	4.0081100464
1602.3526492119	1.0000637770	4.0082159042
1603.3517065048	1.0000671148	4.0083217621
1604.3517637253	1.0000658035	4.0084061623
1605.3518209457	1.0000717640	4.0084996223
1606.3518781662	1.0000697374	4.0085916519
1607.3519353867	1.0000671148	4.0086860657
1608.3519926071	1.0000680685	4.0087814331
1609.3520498276	1.0000720024	4.0088787079
1610.3521070480	1.0000698566	4.0089726448
1611.3521642685	1.0000702143	4.0090804100
1612.3522214890	1.0000708103	4.0091671944
1613.3522782326	1.0000717640	4.0092606544
1614.3523354530	1.0000634193	4.0093598366
1615.3523926735	1.0000737906	4.0094542503
1616.3524498940	1.0000751019	4.0095572472
1617.3525071144	1.0000654459	4.0096454620
1618.3525643349	1.0000733137	4.0097427368
1619.3526215553	1.0000709295	4.0098466873
1620.3526787758	1.0000708103	4.0099315643
1621.3517360687	1.0000708103	4.0100274086
1622.3517932892	1.0000715256	4.0101199150
1623.3518505096	1.0000724792	4.0102329254
1624.3519077301	1.0000708103	4.0103163719
1625.3519649506	1.0000681877	4.0104279518
1626.3520221710	1.0000727177	4.0105199814
1627.3520793915	1.0000677109	4.0106210709
1628.3521366119	1.0000662804	4.0107235909
1629.3521938324	1.0000685453	4.0108017921
1630.3522510529	1.0000644922	4.0109233856
1631.3523082733	1.0000628233	4.0109953880
1632.3523654938	1.0000685453	4.0110926628
1633.3524222374	1.0000587702	4.0111865997
1634.3524794579	1.0000655651	4.0112891197
1635.3525366783	1.0000717640	4.0113873482
1636.3525938988	1.0000667572	4.0114741325
1637.3526511192	1.0000623465	4.0115842819
1638.3517084122	1.0000643730	4.0116486549
1639.3517656326	1.0000698566	4.0117731094
1640.3518228531	1.0000637770	4.0118684769
1641.3518800735	1.0000686646	4.0119352341
1642.3519372940	1.0000680685	4.0120568275
1643.3519945145	1.0000646114	4.0121531487
1644.3520517349	1.0000679493	4.0122590065
1645.3521089554	1.0000704527	4.0123696327
1646.3521661758	1.0000653267	4.0124487877
1647.3522233963	1.0000690222	4.0125670433
1648.3522806168	1.0000710487	4.0126361847
1649.3523378372	1.0000715256	4.0127553940
1650.3523950577	1.0000696182	4.0128293037
1651.3524522781	1.0000673532	4.0129146576
1652.3525094986	1.0000706911	4.0130167007
1653.3525662422	1.0000637770	4.0131378174
1654.3526234627	1.0000653267	4.0132341385
1655.3526806831	1.0000730753	4.0133190155
1656.3517379761	1.0000673532	4.0134105682
1657.3517951965	1.0000689030	4.0135250092
1658.3518524170	1.0000727177	4.0136332512
1659.3519096375	1.0000671148	4.0137119293
1660.3519668579	1.0000627041	4.0138297081
1661.3520240784	1.0000669956	4.0139212608
1662.3520812988	1.0000686646	4.0140104294
1663.3521385193	1.0000646114	4.0141062737
1664.3521957397	1.0000678301	4.0142030716
1665.3522529602	1.0000755787	4.0143084526
1666.3523101807	1.0000677109	4.0143947601
1667.3523674011	1.0000646114	4.0144734383
1668.3524246216	1.0000754595	4.0145921707
1669.3524818420	1.0000742674	4.0147013664
1670.3525390625	1.0000692606	4.0147848129
1671.3525962830	1.0000720024	4.0148744583
1672.3526535034	1.0000640154	4.0149855614
1673.3517098427	1.0000702143	4.0150866508
1674.3517675400	1.0000749826	4.0151739120
1675.3518242836	1.0000672340	4.0152873993
1676.3518819809	1.0000710487	4.0153765678
1677.3519387245	1.0000771284	4.0154948235
1678.3519964218	1.0000745058	4.0155768394
1679.3520531654	1.0000667572	4.0156807899
1680.3521108627	1.0000675917	4.0157628059
1681.3521676064	1.0000711679	4.0158762932
1682.3522253036	1.0000733137	4.0159792900
1683.3522820473	1.0000659227	4.0160708427
1684.3523397446	1.0000698566	4.0161495209
1685.3523964882	1.0000720024	4.0162496567
1686.3524541855	1.0000685453	4.0163607597
1687.3525109291	1.0000694990	4.0164642334
1688.3525686264	1.0000654459	4.0165505409
1689.3526253700	1.0000795126	4.0166649818
1690.3526830673	1.0000703335	4.0167641640
1691.3517398834	1.0000662804	4.0168476105
1692.3517966270	1.0000724792	4.0169682503
1693.3518538475	1.0000736713	4.0170664787
1694.3519110680	1.0000724792	4.0171594620
1695.3519682884	1.0000739098	4.0172662735
1696.3520255089	1.0000671148	4.0173592567
1697.3520827293	1.0000759363	4.0174536705
1698.3521399498	1.0000733137	4.0175709724
1699.3521971703	1.0000667572	4.0176482201
1700.3522543907	1.0000672340	4.0177493095
1701.3523116112	1.0000749826	4.0178527832
1702.3523688316	1.0000654459	4.0179390907
1703.3524260521	1.0000689030	4.0180392265
1704.3524832726	1.0000669956	4.0181293488
1705.3525404930	1.0000681877	4.0182471275
1706.3525977135	1.0000754595	4.0183477402
1707.3526549339	1.0000675917	4.0184383392
1708.3517122269	1.0000654459	4.0185484886
1709.3517694473	1.0000677109	4.0186157227
1710.3518266678	1.0000721216	4.0187320709
1711.3518838882	1.0000660419	4.0188403130
1712.3519406319	1.0000727177	4.0189304352
1713.3519978523	1.0000675917	4.0190281868
1714.3520550728	1.0000646114	4.0191268921
1715.3521122932	1.0000698566	4.0192341805
1716.3521695137	1.0000672340	4.0193247795
1717.3522267342	1.0000599623	4.0194344521
1718.3522839546	1.0000642538	4.0195422173
1719.3523411751	1.0000665188	4.0196313858
1720.3523983955	1.0000606775	4.0197386742
1721.3524556160	1.0000686646	4.0198416710
1722.3525128365	1.0000709295	4.0199441910
1723.3525700569	1.0000662804	4.0200343132
1724.3526272774	1.0000649691	4.0201144218
1725.3526844978	1.0000716448	4.0202398300
1726.3517417908	1.0000727177	4.0203299522
1727.3517990112	1.0000706911	4.0204429626
1728.3518562317	1.0000687838	4.0205225945
1729.3519134521	1.0000680685	4.0206413269
1730.3519706726	1.0000652075	4.0207538605
1731.3520278931	1.0000684261	4.0208516121
1732.3520846367	1.0000727177	4.0209488869
1733.3521418571	1.0000703335	4.0210623741
1734.3521990776	1.0000654459	4.0211443901
1735.3522562981	1.0000724792	4.0212216377
1736.3523135185	1.0000685453	4.0213546753
1737.3523707390	1.0000652075	4.0214548111
1738.3524279594	1.0000711679	4.0215458870
1739.3524851799	1.0000646114	4.0216517448
1740.3525424004	1.0000658035	4.0217571259
1741.3525996208	1.0000679493	4.0218510628
1742.3526568413	1.0000740290	4.0219621658
1743.3517141342	1.0000721216	4.0220503807
1744.3517713547	1.0000715256	4.0221576691
1745.3518285751	1.0000710487	4.0222501755
1746.3518857956	1.0000718832	4.0223455429
1747.3519430161	1.0000681877	4.0224466324
1748.3520002365	1.0000746250	4.0225596428
1749.3520574570	1.0000703335	4.0226621628
1750.3521146774	1.0000723600	4.0227599144
1751.3521718979	1.0000691414	4.0228643417
1752.3522286415	1.0000687838	4.0229516029
1753.3522858620	1.0000679493	4.0230655670
1754.3523430824	1.0000733137	4.0231614113
1755.3524003029	1.0000641346	4.0232615471
1756.3524575233	1.0000697374	4.0233526230
1757.3525147438	1.0000748634	4.0234532356
1758.3525719643	1.0000675917	4.0235633850
1759.3526291847	1.0000720024	4.0236759186
1760.3526864052	1.0000720024	4.0237708092
1761.3517436981	1.0000728369	4.0238604546
1762.3518009186	1.0000672340	4.0239806175
1763.3518581390	1.0000684261	4.0240707397
1764.3519153595	1.0000755787	4.0241870880
1765.3519725800	1.0000700951	4.0242996216
1766.3520298004	1.0000680685	4.0243906975
1767.3520870209	1.0000702143	4.0244736671
1768.3521442413	1.0000727177	4.0245904922
1769.3522014618	1.0000667572	4.0246887207
1770.3522586823	1.0000687838	4.0247931480
1771.3523159027	1.0000699759	4.0249009132
1772.3523726463	1.0000686646	4.0250010490
1773.3524298668	1.0000675917	4.0251016617
1774.3524870872	1.0000637770	4.0252008438
1775.3525443077	1.0000673532	4.0252947807
1776.3526015282	1.0000741482	4.0254058838
1777.3526587486	1.0000717640	4.0254998207
1778.3517160416	1.0000668764	4.0256180763
1779.3517732620	1.0000685453	4.0257306099
1780.3518304825	1.0000686646	4.0258159637
1781.3518877029	1.0000693798	4.0259189606
1782.3519449234	1.0000692606	4.0260229111
1783.3520021439	1.0000721216	4.0261259079
1784.3520593643	1.0000711679	4.0262370110
1785.3521165848	1.0000702143	4.0263285637
1786.3521738052	1.0000754595	4.0264310837
1787.3522310257	1.0000708103	4.0265388489
1788.3522882462	1.0000675917	4.0266470909
1789.3523454666	1.0000743866	4.0267438889
1790.3524026871	1.0000702143	4.0268659592
1791.3524594307	1.0000630617	4.0269532204
1792.3525166512	1.0000678301	4.0270762444
1793.3525738716	1.0000704527	4.0271825790
1794.3526310921	1.0000697374	4.0272955894
1795.3526883125	1.0000630617	4.0273790359
1796.3517451286	1.0000636578	4.0274977684
1797.3518028259	1.0000654459	4.0276045799
1798.3518595695	1.0000717640	4.0276970863
1799.3519172668	1.0000654459	4.0278058052
1800.3519740105	1.0000689030	4.0279107094
1801.3520317078	1.0000715256	4.0280151367
1802.3520884514	1.0000698566	4.0281205177
1803.3521461487	1.0000640154	4.0282111168
1804.3522028923	1.0000704527	4.0283174515
1805.3522605896	1.0000722408	4.0284256935
1806.3523173332	1.0000728369	4.0285387039
1807.3523750305	1.0000706911	4.0286445618
1808.3524317741	1.0000702143	4.0287294388
1809.3524894714	1.0000754595	4.0288619995
1810.3525462151	1.0000705719	4.0289731026
1811.3526034355	1.0000739098	4.0290722847
1812.3526606560	1.0000743866	4.0291852951
1813.3517174721	1.0000703335	4.0292882919
1814.3517746925	1.0000686646	4.0293731689
1815.3518319130	1.0000734329	4.0295023918
1816.3518891335	1.0000693798	4.0296034813
1817.3519463539	1.0000689030	4.0296964645
1818.3520035744	1.0000679493	4.0298180580
1819.3520607948	1.0000636578	4.0299067497
1820.3521180153	1.0000715256	4.0300126076
1821.3521752357	1.0000733137	4.0300998688
1822.3522324562	1.0000742674	4.0302119255
1823.3522896767	1.0000662804	4.0303039551
1824.3523468971	1.0000714064	4.0304150581
1825.3524041176	1.0000724792	4.0305323601
1826.3524613380	1.0000677109	4.0306358337
1827.3525185585	1.0000715256	4.0307512283
1828.3525757790	1.0000698566	4.0308485031
1829.3526329994	1.0000697374	4.0309648514
1830.3526902199	1.0000716448	4.0310711861
1831.3517470360	1.0000672340	4.0311579704
1832.3518042564	1.0000724792	4.0312709808
1833.3518614769	1.0000661612	4.0313882828
1834.3519186974	1.0000736713	4.0314950943
1835.3519759178	1.0000723600	4.0316004753
1836.3520331383	1.0000646114	4.0317053795
1837.3520903587	1.0000646114	4.0318059921
1838.3521475792	1.0000716448	4.0319347382
1839.3522047997	1.0000706911	4.0320200920
1840.3522620201	1.0000698566	4.0321359634
1841.3523192406	1.0000733137	4.0322618484
1842.3523764610	1.0000711679	4.0323719978
1843.3524336815	1.0000649691	4.0324602127
1844.3524909019	1.0000662804	4.0325679779
1845.3525481224	1.0000720024	4.0326952934
1846.3526053429	1.0000637770	4.0327768326
1847.3526625633	1.0000672340	4.0328965187
1848.3517198563	1.0000702143	4.0329957008
1849.3517770767	1.0000698566	4.0331001282
1850.3518342972	1.0000679493	4.0332164764
1851.3518910408	1.0000635386	4.0333189964
1852.3519482613	1.0000662804	4.0334324837
1853.3520054817	1.0000721216	4.0335483551
1854.3520627022	1.0000698566	4.0336513519
1855.3521199226	1.0000641346	4.0337572098
1856.3521771431	1.0000709295	4.0338664055
1857.3522343636	1.0000693798	4.0339765549
1858.3522915840	1.0000666380	4.0340943336
1859.3523488045	1.0000644922	4.0341968536
1860.3524060249	1.0000615120	4.0343079567
1861.3524632454	1.0000685453	4.0344266891
1862.3525204659	1.0000665188	4.0345263481
1863.3525776863	1.0000616312	4.0346264839
1864.3526349068	1.0000662804	4.0347290039
1865.3516921997	1.0000686646	4.0348367691
1866.3517494202	1.0000677109	4.0349645615
1867.3518066406	1.0000644922	4.0350632668
1868.3518638611	1.0000654459	4.0351676941
1869.3519210815	1.0000680685	4.0352993011
1870.3519783020	1.0000751019	4.0353932381
1871.3520350456	1.0000685453	4.0355043411
1872.3520922661	1.0000641346	4.0356206894
1873.3521494865	1.0000715256	4.0357198715
1874.3522067070	1.0000697374	4.0358409882
1875.3522639275	1.0000671148	4.0359582901
1876.3523211479	1.0000723600	4.0360693932
1877.3523783684	1.0000724792	4.0361700058
1878.3524355888	1.0000711679	4.0362920761
1879.3524928093	1.0000655651	4.0363898277
1880.3525500298	1.0000700951	4.0364942551
1881.3526072502	1.0000711679	4.0366110802
1882.3526644707	1.0000680685	4.0367074013
1883.3517217636	1.0000641346	4.0368409157
1884.3517789841	1.0000689030	4.0369391441
1885.3518362045	1.0000706911	4.0370430946
1886.3518934250	1.0000684261	4.0371642113
1887.3519506454	1.0000621080	4.0372567177
1888.3520078659	1.0000689030	4.0373754501
1889.3520650864	1.0000692606	4.0374970436
1890.3521218300	1.0000667572	4.0376033783
1891.3521790504	1.0000675917	4.0377273560
1892.3522362709	1.0000704527	4.0378279686
1893.3522934914	1.0000677109	4.0379486084
1894.3523507118	1.0000712872	4.0380616188
1895.3524079323	1.0000652075	4.0381641388
1896.3524651527	1.0000694990	4.0382785797
1897.3525223732	1.0000693798	4.0383872986
1898.3525795937	1.0000665188	4.0385012627
1899.3526368141	1.0000731945	4.0386199951
1900.3516941071	1.0000715256	4.0387287140
1901.3517513275	1.0000736713	4.0388407707
1902.3518085480	1.0000649691	4.0389437675
1903.3518657684	1.0000704527	4.0390558243
1904.3519229889	1.0000737906	4.0391688347
1905.3519802094	1.0000730753	4.0392870903
1906.3520374298	1.0000667572	4.0393896103
1907.3520946503	1.0000751019	4.0395140648
1908.3521518707	1.0000760555	4.0396065712
1909.3522090912	1.0000691414	4.0397338867
1910.3522658348	1.0000728369	4.0398421288
1911.3523230553	1.0000710487	4.0399537086
1912.3523802757	1.0000737906	4.0400638580
1913.3524374962	1.0000722408	4.0401859283
1914.3524947166	1.0000694990	4.0403084755
1915.3525519371	1.0000703335	4.0404238701
1916.3526091576	1.0000746250	4.0405178070
1917.3526663780	1.0000737906	4.0406332016
1918.3517236710	1.0000706911	4.0407438278
1919.3517804146	1.0000652075	4.0408616066
1920.3518381119	1.0000754595	4.0409693718
1921.3518948555	1.0000733137	4.0410933495
1922.3519525528	1.0000737906	4.0412049294
1923.3520092964	1.0000739098	4.0413293839
1924.3520669937	1.0000685453	4.0414628983
1925.3521237373	1.0000671148	4.0415554047
1926.3521814346	1.0000700951	4.0416655540
1927.3522381783	1.0000722408	4.0417737961
1928.3522958755	1.0000709295	4.0419082642
1929.3523526192	1.0000667572	4.0420126915
1930.3524098396	1.0000728369	4.0421285629
1931.3524670601	1.0000723600	4.0422511101
1932.3525242805	1.0000667572	4.0423636436
1933.3525815010	1.0000693798	4.0424642563
1934.3526387215	1.0000733137	4.0425872803
1935.3516955376	1.0000727177	4.0427012444
1936.3517527580	1.0000663996	4.0428166389
1937.3518099785	1.0000715256	4.0429339409
1938.3518671989	1.0000680685	4.0430483818
1939.3519244194	1.0000712872	4.0431628227
1940.3519816399	1.0000698566	4.0432686806
1941.3520388603	1.0000678301	4.0434050560
1942.3520960808	1.0000706911	4.0435290337
1943.3521533012	1.0000711679	4.0436310768
1944.3522105217	1.0000706911	4.0437607765
1945.3522677422	1.0000693798	4.0438785553
1946.3523249626	1.0000711679	4.0439906120
1947.3523821831	1.0000640154	4.0441179276
1948.3524394035	1.0000680685	4.0442156792
1949.3524966240	1.0000702143	4.0443511009
1950.3525538445	1.0000729561	4.0444626808
1951.3526110649	1.0000698566	4.0445647240
1952.3526682854	1.0000736713	4.0447001457
1953.3517251015	1.0000760555	4.0448107719
1954.3517823219	1.0000749826	4.0449395180
1955.3518395424	1.0000724792	4.0450444221
1956.3518967628	1.0000729561	4.0451583862
1957.3519539833	1.0000693798	4.0452871323
1958.3520112038	1.0000705719	4.0454010963
1959.3520684242	1.0000731945	4.0455069542
1960.3521256447	1.0000742674	4.0456371307
1961.3521828651	1.0000736713	4.0457663536
1962.3522400856	1.0000741482	4.0458912849
1963.3522973061	1.0000642538	4.0460104942
1964.3523545265	1.0000687838	4.0461030006
1965.3524117470	1.0000687838	4.0462245941
1966.3524689674	1.0000740290	4.0463414192
1967.3525261879	1.0000654459	4.0464735031
1968.3525834084	1.0000685453	4.0465860367
1969.3526406288	1.0000746250	4.0467123985
1970.3516974449	1.0000716448	4.0468120575
1971.3517546654	1.0000634193	4.0469489098
1972.3518118858	1.0000671148	4.0470561981
1973.3518691063	1.0000659227	4.0471572876
1974.3519263268	1.0000627041	4.0472860336
1975.3519835472	1.0000653267	4.0474152565
1976.3520407677	1.0000586510	4.0475244522
1977.3520979881	1.0000633001	4.0476679802
1978.3521552086	1.0000642538	4.0477705002
1979.3522124290	1.0000659227	4.0479044914
1980.3522696495	1.0000646114	4.0480346680
1981.3523268700	1.0000571012	4.0481338501
1982.3523840904	1.0000641346	4.0482425690
1983.3524413109	1.0000641346	4.0483808517
1984.3524985313	1.0000650883	4.0484952927
1985.3525557518	1.0000623465	4.0486135483
1986.3526129723	1.0000623465	4.0487380028
1987.3526701927	1.0000636578	4.0488452911
1988.3517274857	1.0000679493	4.0489854813
1989.3517842293	1.0000602007	4.0491027832
1990.3518414497	1.0000624657	4.0492186546
1991.3518986702	1.0000689030	4.0493426323
1992.3519558907	1.0000644922	4.0494546890
1993.3520131111	1.0000562668	4.0495886803
1994.3520703316	1.0000660419	4.0497050285
1995.3521275520	1.0000700951	4.0498366356
1996.3521847725	1.0000663996	4.0499625206
1997.3522419930	1.0000654459	4.0500988960
1998.3522992134	1.0000611544	4.0502061844
1999.3523564339	1.0000720024	4.0503330231
2000.3524136543	1.0000694990	4.0504503250
2001.3524708748	1.0000659227	4.0505661964
2002.3525280952	1.0000690222	4.0506944656
2003.3525853157	1.0000679493	4.0508089066
2004.3526425362	1.0000694990	4.0509343147
2005.3516998291	1.0000721216	4.0510654449
2006.3517570496	1.0000685453	4.0511898994
2007.3518142700	1.0000720024	4.0513052940
2008.3518714905	1.0000694990	4.0514116287
2009.3519282341	1.0000673532	4.0515480042
2010.3519854546	1.0000693798	4.0516552925
2011.3520426750	1.0000715256	4.0518107414
2012.3520998955	1.0000640154	4.0519266129
2013.3521571159	1.0000615120	4.0520453453
2014.3522143364	1.0000692606	4.0521702766
2015.3522715569	1.0000680685	4.0523009300
2016.3523287773	1.0000641346	4.0524258614
2017.3523859978	1.0000621080	4.0525474548
2018.3524432182	1.0000685453	4.0526819229
2019.3525004387	1.0000597239	4.0527906418
2020.3525576591	1.0000610352	4.0529179573
2021.3526148796	1.0000697374	4.0530343056
2022.3526721001	1.0000633001	4.0531806946
2023.3517293930	1.0000618696	4.0532922745
2024.3517866135	1.0000636578	4.0534138680
2025.3518438339	1.0000671148	4.0535283089
2026.3519010544	1.0000642538	4.0536627769
2027.3519582748	1.0000646114	4.0538015366
2028.3520154953	1.0000621080	4.0539073944
2029.3520722389	1.0000684261	4.0540328026
2030.3521294594	1.0000662804	4.0541677475
2031.3521866798	1.0000658035	4.0542888641
2032.3522439003	1.0000652075	4.0544233322
2033.3523011208	1.0000723600	4.0545454025
2034.3523583412	1.0000685453	4.0546751022
2035.3524155617	1.0000633001	4.0548090935
2036.3524727821	1.0000679493	4.0549416542
2037.3525300026	1.0000737906	4.0550680161
2038.3525872231	1.0000765324	4.0551791191
2039.3526444435	1.0000636578	4.0553007126
2040.3517012596	1.0000756979	4.0554409027
2041.3517589569	1.0000733137	4.0555653572
2042.3518157005	1.0000691414	4.0557122231
2043.3518733978	1.0000680685	4.0558438301
2044.3519301414	1.0000717640	4.0559592247
2045.3519878387	1.0000684261	4.0560884476
2046.3520445824	1.0000712872	4.0562167168
2047.3521022797	1.0000754595	4.0563364029
2048.3521590233	1.0000722408	4.0564770699
2049.3522162437	1.0000672340	4.0566020012
2050.3522734642	1.0000711679	4.0567364693
2051.3523306847	1.0000683069	4.0568556786
2052.3523874283	1.0000689030	4.0569801331
2053.3524451256	1.0000709295	4.0571165085
2054.3525018692	1.0000694990	4.0572218895
2055.3525595665	1.0000740290	4.0573539734
2056.3526163101	1.0000698566	4.0574979782
2057.3526740074	1.0000711679	4.0576295853
2058.3517308235	1.0000686646	4.0577468872
2059.3517880440	1.0000677109	4.0578846931
2060.3518452644	1.0000647306	4.0580077171
2061.3519024849	1.0000702143	4.0581445694
2062.3519597054	1.0000704527	4.0582613945
2063.3520169258	1.0000681877	4.0583810806
2064.3520741463	1.0000606775	4.0585083961
2065.3521313667	1.0000708103	4.0586557388
2066.3521885872	1.0000741482	4.0587863922
2067.3522458076	1.0000648499	4.0589103699
2068.3523030281	1.0000689030	4.0590429306
2069.3523602486	1.0000714064	4.0591778755
2070.3524174690	1.0000680685	4.0593132973
2071.3524746895	1.0000715256	4.0594396591
2072.3525314331	1.0000712872	4.0595655441
2073.3525886536	1.0000689030	4.0597119331
2074.3526458740	1.0000698566	4.0598397255
2075.3517031670	1.0000638962	4.0599560738
2076.3517603874	1.0000706911	4.0600905418
2077.3518176079	1.0000730753	4.0602326393
2078.3518748283	1.0000659227	4.0603709221
2079.3519320488	1.0000710487	4.0605006218
2080.3519892693	1.0000715256	4.0606155396
2081.3520464897	1.0000686646	4.0607419014
2082.3521037102	1.0000679493	4.0608716011
2083.3521609306	1.0000700951	4.0610046387
2084.3522181511	1.0000659227	4.0611529350
2085.3522753716	1.0000706911	4.0612707138
2086.3523325920	1.0000720024	4.0614008904
2087.3523898125	1.0000694990	4.0615530014
2088.3524470329	1.0000659227	4.0616688728
2089.3525042534	1.0000655651	4.0617976189
2090.3525614738	1.0000730753	4.0619421005
2091.3526186943	1.0000709295	4.0620737076
2092.3526754379	1.0000662804	4.0622048378
2093.3517327309	1.0000710487	4.0623311996
2094.3517899513	1.0000715256	4.0624580383
2095.3518471718	1.0000725985	4.0626144409
2096.3519043922	1.0000690222	4.0627322197
2097.3519616127	1.0000667572	4.0628771782
2098.3520188332	1.0000767708	4.0630040169
2099.3520760536	1.0000680685	4.0631303787
2100.3521332741	1.0000656843	4.0632700920
2101.3521904945	1.0000736713	4.0634136200
2102.3522477150	1.0000702143	4.0635409355
2103.3523049355	1.0000660419	4.0636749268
2104.3523621559	1.0000741482	4.0637979507
2105.3524193764	1.0000669956	4.0639486313
2106.3524765968	1.0000691414	4.0641064644
2107.3525338173	1.0000700951	4.0642170906
2108.3525910378	1.0000691414	4.0643544197
2109.3526482582	1.0000655651	4.0644989014
2110.3517050743	1.0000636578	4.0646119118
2111.3517622948	1.0000619888	4.0647530556
2112.3518195152	1.0000689030	4.0648961067
2113.3518767357	1.0000660419	4.0650305748
2114.3519339561	1.0000652075	4.0651540756
2115.3519911766	1.0000704527	4.0652885437
2116.3520483971	1.0000687838	4.0654382706
2117.3521056175	1.0000648499	4.0655560493
2118.3521628380	1.0000662804	4.0656895638
2119.3522200584	1.0000662804	4.0658311844
2120.3522772789	1.0000641346	4.0659570694
2121.3523344994	1.0000698566	4.0660996437
2122.3523917198	1.0000642538	4.0662512779
2123.3524489403	1.0000646114	4.0663781166
2124.3525061607	1.0000703335	4.0665183067
2125.3525633812	1.0000635386	4.0666489601
2126.3526206017	1.0000652075	4.0667948723
2127.3526778221	1.0000646114	4.0669169426
2128.3517346382	1.0000678301	4.0670576096
2129.3517918587	1.0000667572	4.0671873093
2130.3518490791	1.0000659227	4.0673308372
2131.3519062996	1.0000699759	4.0674829483
2132.3519635201	1.0000656843	4.0676026344
2133.3520207405	1.0000711679	4.0677514076
2134.3520779610	1.0000693798	4.0678873062
2135.3521351814	1.0000643730	4.0680255890
2136.3521924019	1.0000711679	4.0681595802
2137.3522496223	1.0000772476	4.0683164597
2138.3523068428	1.0000705719	4.0684499741
2139.3523640633	1.0000772476	4.0685634613
2140.3524212837	1.0000736713	4.0687260628
2141.3524785042	1.0000702143	4.0688481331
2142.3525357246	1.0000705719	4.0689830780
2143.3525929451	1.0000722408	4.0691461563
2144.3526501656	1.0000667572	4.0692672729
2145.3517074585	1.0000667572	4.0694046021
2146.3517646790	1.0000692606	4.0695481300
2147.3518218994	1.0000658035	4.0697140694
2148.3518786430	1.0000698566	4.0698404312
2149.3519358635	1.0000703335	4.0699753761
2150.3519930840	1.0000663996	4.0701189041
2151.3520503044	1.0000733137	4.0702629089
2152.3521075249	1.0000659227	4.0704059601
2153.3521647453	1.0000623465	4.0705375671
2154.3522219658	1.0000656843	4.0706748962
2155.3522791862	1.0000667572	4.0708351135
2156.3523364067	1.0000677109	4.0709624290
2157.3523936272	1.0000655651	4.0710988045
2158.3524508476	1.0000698566	4.0712356567
2159.3525080681	1.0000563860	4.0713591576
2160.3525652885	1.0000641346	4.0715060234
2161.3526225090	1.0000648499	4.0716557503
2162.3526797295	1.0000649691	4.0717883110
2163.3517365456	1.0000609159	4.0719366074
2164.3517942429	1.0000623465	4.0720829964
2165.3518509865	1.0000712872	4.0722279549
2166.3519086838	1.0000658035	4.0723547935
2167.3519654274	1.0000628233	4.0725069046
2168.3520226479	1.0000674725	4.0726141930
2169.3520798683	1.0000685453	4.0727944374
2170.3521370888	1.0000607967	4.0729389191
2171.3521938324	1.0000699759	4.0730772018
2172.3522515297	1.0000623465	4.0732002258
2173.3523082733	1.0000633001	4.0733594894
2174.3523659706	1.0000671148	4.0734858513
2175.3524227142	1.0000635386	4.0736398697
2176.3524804115	1.0000646114	4.0737686157
2177.3525371552	1.0000636578	4.0739159584
2178.3525948524	1.0000584126	4.0740585327
2179.3526515961	1.0000636578	4.0741782188
2180.3517088890	1.0000636578	4.0743570328
2181.3517661095	1.0000641346	4.0745000839
2182.3518233299	1.0000718832	4.0746493340
2183.3518805504	1.0000655651	4.0747885704
2184.3519377708	1.0000654459	4.0749230385
2185.3519949913	1.0000650883	4.0750565529
2186.3520522118	1.0000671148	4.0752091408
2187.3521094322	1.0000681877	4.0753445625
2188.3521666527	1.0000691414	4.0754866600
2189.3522238731	1.0000711679	4.0756320953
2190.3522810936	1.0000646114	4.0757699013
2191.3523378372	1.0000673532	4.0759096146
2192.3523950577	1.0000686646	4.0760526657
2193.3524522781	1.0000720024	4.0762300491
2194.3525094986	1.0000678301	4.0763602257
2195.3525667191	1.0000680685	4.0764985085
2196.3526239395	1.0000705719	4.0766434669
2197.3526811600	1.0000685453	4.0767884254
2198.3517384529	1.0000638962	4.0769281387
2199.3517956734	1.0000693798	4.0770797729
2200.3518528938	1.0000702143	4.0772109032
2201.3519101143	1.0000689030	4.0773682594
2202.3519673347	1.0000677109	4.0774950981
2203.3520245552	1.0000703335	4.0776534081
2204.3520817757	1.0000680685	4.0777993202
2205.3521389961	1.0000717640	4.0779438019
2206.3521962166	1.0000720024	4.0781030655
2207.3522534370	1.0000737906	4.0782384872
2208.3523106575	1.0000649691	4.0783853531
2209.3523678780	1.0000727177	4.0785260201
2210.3524250984	1.0000731945	4.0786795616
2211.3524818420	1.0000755787	4.0788331032
2212.3525390625	1.0000711679	4.0789685249
2213.3525962830	1.0000702143	4.0791239738
2214.3526535034	1.0000680685	4.0792713165
2215.3517107964	1.0000691414	4.0793933868
2216.3517680168	1.0000674725	4.0795502663
2217.3518252373	1.0000724792	4.0796837807
2218.3518824577	1.0000683069	4.0798430443
2219.3519396782	1.0000690222	4.0800004005
2220.3519968987	1.0000710487	4.0801143646
2221.3520541191	1.0000655651	4.0802764893
2222.3521113396	1.0000658035	4.0804328918
2223.3521685600	1.0000748634	4.0805759430
2224.3522257805	1.0000677109	4.0807147026
2225.3522830009	1.0000660419	4.0808773041
2226.3523402214	1.0000698566	4.0810232162
2227.3523974419	1.0000711679	4.0811781883
2228.3524546623	1.0000658035	4.0813331604
2229.3525118828	1.0000659227	4.0814695358
2230.3525691032	1.0000659227	4.0816178322
2231.3526258469	1.0000771284	4.0817580223
2232.3526830673	1.0000667572	4.0819230080
2233.3517403603	1.0000637770	4.0820469856
2234.3517975807	1.0000685453	4.0821800232
2235.3518548012	1.0000680685	4.0823602676
2236.3519120216	1.0000646114	4.0824942589
2237.3519692421	1.0000720024	4.0826406479
2238.3520264626	1.0000709295	4.0827922821
2239.3520836830	1.0000634193	4.0829453468
2240.3521409035	1.0000711679	4.0830898285
2241.3521981239	1.0000692606	4.0832338333
2242.3522553444	1.0000654459	4.0833902359
2243.3523125648	1.0000714064	4.0835361481
2244.3523697853	1.0000754595	4.0836911201
2245.3524270058	1.0000741482	4.0838303566
2246.3524842262	1.0000671148	4.0839715004
2247.3525414467	1.0000692606	4.0841422081
2248.3525986671	1.0000749826	4.0842819214
2249.3526558876	1.0000662804	4.0844335556
2250.3517127037	1.0000674725	4.0845956802
2251.3517699242	1.0000729561	4.0847411156
2252.3518271446	1.0000737906	4.0848946571
2253.3518843651	1.0000689030	4.0850338936
2254.3519415855	1.0000704527	4.0851716995
2255.3519988060	1.0000698566	4.0853486061
2256.3520560265	1.0000653267	4.0854868889
2257.3521132469	1.0000780821	4.0856575966
2258.3521704674	1.0000748634	4.0858044624
2259.3522276878	1.0000687838	4.0859427452
2260.3522849083	1.0000693798	4.0861210823
2261.3523421288	1.0000666380	4.0862460136
2262.3523993492	1.0000736713	4.0864014626
2263.3524565697	1.0000680685	4.0865697861
2264.3525137901	1.0000674725	4.0866994858
2265.3525710106	1.0000699759	4.0868711472
2266.3526282310	1.0000662804	4.0870218277
2267.3526854515	1.0000673532	4.0871672630
2268.3517422676	1.0000671148	4.0873188972
2269.3517994881	1.0000683069	4.0874495506
2270.3518567085	1.0000649691	4.0876212120
2271.3519139290	1.0000699759	4.0877599716
2272.3519711494	1.0000709295	4.0879316330
2273.3520283699	1.0000631809	4.0880823135
2274.3520855904	1.0000663996	4.0882396698
2275.3521428108	1.0000691414	4.0883955956
2276.3522000313	1.0000665188	4.0885410309
2277.3522572517	1.0000668764	4.0886921883
2278.3523144722	1.0000678301	4.0888476372
2279.3523716927	1.0000693798	4.0890035629
2280.3524289131	1.0000646114	4.0891542435
2281.3524861336	1.0000622272	4.0893158913
2282.3525433540	1.0000674725	4.0894603729
2283.3526005745	1.0000698566	4.0896277428
2284.3526577950	1.0000730753	4.0897874832
2285.3517150879	1.0000672340	4.0899405479
2286.3517718315	1.0000710487	4.0900959969
2287.3518290520	1.0000797510	4.0902500153
2288.3518862724	1.0000743866	4.0904183388
2289.3519434929	1.0000680685	4.0905489922
2290.3520002365	1.0000729561	4.0907087326
2291.3520579338	1.0000764132	4.0908627510
2292.3521146774	1.0000756979	4.0910286903
2293.3521723747	1.0000715256	4.0911769867
2294.3522291183	1.0000698566	4.0913181305
2295.3522868156	1.0000767708	4.0914778709
2296.3523435593	1.0000776052	4.0916395187
2297.3524012566	1.0000667572	4.0917983055
2298.3524580002	1.0000710487	4.0919504166
2299.3525156975	1.0000720024	4.0921072960
2300.3525724411	1.0000683069	4.0922551155
2301.3526301384	1.0000675917	4.0924191475
2302.3526868820	1.0000699759	4.0925655365
2303.3517441750	1.0000720024	4.0927276611
2304.3518013954	1.0000659227	4.0928735733
2305.3518586159	1.0000720024	4.0930252075
2306.3519158363	1.0000668764	4.0931982994
2307.3519730568	1.0000642538	4.0933494568
2308.3520302773	1.0000693798	4.0935091972
2309.3520874977	1.0000675917	4.0936651230
2310.3521442413	1.0000674725	4.0938215256
2311.3522014618	1.0000735521	4.0939736366
2312.3522586823	1.0000678301	4.0941333771
2313.3523159027	1.0000691414	4.0942792892
2314.3523731232	1.0000690222	4.0944352150
2315.3524303436	1.0000716448	4.0946030617
2316.3524875641	1.0000672340	4.0947442055
2317.3525447845	1.0000698566	4.0948929787
2318.3526020050	1.0000717640	4.0950627327
2319.3526592255	1.0000690222	4.0952057838
2320.3517165184	1.0000705719	4.0953845978
2321.3517737389	1.0000715256	4.0955333710
2322.3518309593	1.0000672340	4.0956754684
2323.3518881798	1.0000636578	4.0958528519
2324.3519454002	1.0000712872	4.0960125923
2325.3520026207	1.0000720024	4.0961675644
2326.3520598412	1.0000722408	4.0963335037
2327.3521170616	1.0000742674	4.0964894295
2328.3521742821	1.0000760555	4.0966506004
2329.3522315025	1.0000692606	4.0967936516
2330.3522882462	1.0000610352	4.0969390869
2331.3523454666	1.0000741482	4.0971269608
2332.3524026871	1.0000681877	4.0972671509
2333.3524599075	1.0000710487	4.0974230766
2334.3525171280	1.0000720024	4.0975942612
2335.3525743484	1.0000706911	4.0977473259
2336.3526315689	1.0000691414	4.0979123116
2337.3526887894	1.0000662804	4.0980567932
2338.3517460823	1.0000737906	4.0982117653
2339.3518033028	1.0000686646	4.0983810425
2340.3518605232	1.0000615120	4.0985407829
2341.3519177437	1.0000716448	4.0986995697
2342.3519749641	1.0000685453	4.0988488197
2343.3520321846	1.0000662804	4.0990223885
2344.3520894051	1.0000700951	4.0991873741
2345.3521466255	1.0000705719	4.0993380547
2346.3522038460	1.0000680685	4.0994844437
2347.3522610664	1.0000691414	4.0996627808
2348.3523182869	1.0000696182	4.0998215675
2349.3523750305	1.0000615120	4.0999879837
2350.3524322510	1.0000667572	4.1001415253
2351.3524894714	1.0000648499	4.1002755165
2352.3525466919	1.0000633001	4.1004505157
2353.3526039124	1.0000631809	4.1006155014
2354.3526611328	1.0000602007	4.1007514000
2355.3517184258	1.0000634193	4.1009221077
2356.3517756462	1.0000718832	4.1011133194
2357.3518328667	1.0000673532	4.1012730598
2358.3518900871	1.0000653267	4.1014213562
2359.3519473076	1.0000689030	4.1015939713
2360.3520045280	1.0000693798	4.1017408371
2361.3520617485	1.0000698566	4.1019072533
2362.3521189690	1.0000656843	4.1020798683
2363.3521761894	1.0000715256	4.1022396088
2364.3522334099	1.0000741482	4.1023826599
2365.3522906303	1.0000636578	4.1025576591
2366.3523478508	1.0000667572	4.1027202606
2367.3524050713	1.0000692606	4.1028742790
2368.3524622917	1.0000660419	4.1030473709
2369.3525190353	1.0000704527	4.1031994820
2370.3525762558	1.0000683069	4.1033658981
2371.3526334763	1.0000686646	4.1035399437
2372.3526906967	1.0000685453	4.1036968231
2373.3517479897	1.0000667572	4.1038413048
2374.3518052101	1.0000737906	4.1040163040
2375.3518624306	1.0000693798	4.1041841507
2376.3519196510	1.0000600815	4.1043324471
2377.3519768715	1.0000683069	4.1044869423
2378.3520340919	1.0000725985	4.1046595573
2379.3520913124	1.0000667572	4.1048116684
2380.3521485329	1.0000742674	4.1049838066
2381.3522057533	1.0000677109	4.1051373482
2382.3522629738	1.0000647306	4.1053118706
2383.3523201942	1.0000717640	4.1054720879
2384.3523774147	1.0000720024	4.1056480408
2385.3524346352	1.0000722408	4.1058077812
2386.3524918556	1.0000736713	4.1059761047
2387.3525490761	1.0000662804	4.1061139107
2388.3526062965	1.0000690222	4.1062841415
2389.3526630402	1.0000706911	4.1064572334
2390.3517203331	1.0000742674	4.1066236496
2391.3517775536	1.0000646114	4.1067571640
2392.3518347740	1.0000668764	4.1069293022
2393.3518919945	1.0000717640	4.1071085930
2394.3519492149	1.0000708103	4.1072793007
2395.3520064354	1.0000678301	4.1074509621
2396.3520636559	1.0000677109	4.1076087952
2397.3521208763	1.0000680685	4.1077504158
2398.3521780968	1.0000697374	4.1079225540
2399.3522353172	1.0000659227	4.1080932617
2400.3522925377	1.0000610352	4.1082658768
2401.3523497581	1.0000633001	4.1084213257
2402.3524069786	1.0000671148	4.1085777283
2403.3524641991	1.0000743866	4.1087498665
2404.3525214195	1.0000698566	4.1089224815
2405.3525786400	1.0000656843	4.1090784073
2406.3526358604	1.0000697374	4.1092514992
2407.3516926765	1.0000727177	4.1093935966
2408.3517498970	1.0000712872	4.1095848083
2409.3518066406	1.0000672340	4.1097407341
2410.3518643379	1.0000673532	4.1099019051
2411.3519210815	1.0000730753	4.1100659370
2412.3519787788	1.0000706911	4.1102385521
2413.3520355225	1.0000714064	4.1104168892
2414.3520932198	1.0000663996	4.1105809212
2415.3521499634	1.0000683069	4.1107368469
2416.3522076607	1.0000780821	4.1109180450
2417.3522644043	1.0000728369	4.1110644341
2418.3523221016	1.0000665188	4.1112222672
2419.3523788452	1.0000669956	4.1113948822
2420.3524365425	1.0000731945	4.1115698814
2421.3524932861	1.0000692606	4.1117296219
2422.3525509834	1.0000728369	4.1119146347
2423.3526077271	1.0000709295	4.1120634079
2424.3526654243	1.0000746250	4.1122360229
2425.3517222404	1.0000764132	4.1124196053
2426.3517794609	1.0000717640	4.1125841141
2427.3518366814	1.0000672340	4.1127257347
2428.3518939018	1.0000751019	4.1129121780
2429.3519506454	1.0000717640	4.1130785942
2430.3520078659	1.0000666380	4.1132316589
2431.3520650864	1.0000675917	4.1134114265
2432.3521223068	1.0000694990	4.1135635376
2433.3521795273	1.0000667572	4.1137270927
2434.3522367477	1.0000650883	4.1139197350
2435.3522939682	1.0000621080	4.1140623093
2436.3523511887	1.0000672340	4.1142382622
2437.3524084091	1.0000700951	4.1143999100
2438.3524656296	1.0000691414	4.1145763397
2439.3525228500	1.0000655651	4.1147308350
2440.3525800705	1.0000728369	4.1149053574
2441.3526372910	1.0000679493	4.1150665283
2442.3516945839	1.0000615120	4.1152291298
2443.3517518044	1.0000697374	4.1153793335
2444.3518090248	1.0000683069	4.1155729294
2445.3518662453	1.0000642538	4.1157341003
2446.3519234657	1.0000705719	4.1159148216
2447.3519806862	1.0000718832	4.1160755157
2448.3520374298	1.0000652075	4.1162338257
2449.3520946503	1.0000706911	4.1164145470
2450.3521518707	1.0000734329	4.1165895462
2451.3522090912	1.0000735521	4.1167478561
2452.3522663116	1.0000722408	4.1169104576
2453.3523235321	1.0000650883	4.1170787811
2454.3523807526	1.0000702143	4.1172490120
2455.3524379730	1.0000724792	4.1173996925
2456.3524951935	1.0000671148	4.1175756454
2457.3525524139	1.0000694990	4.1177587509
2458.3526096344	1.0000672340	4.1179146767
2459.3526668549	1.0000689030	4.1180720329
2460.3517241478	1.0000702143	4.1182665825
2461.3517813683	1.0000680685	4.1184163094
2462.3518385887	1.0000733137	4.1185936928
2463.3518958092	1.0000618696	4.1187500954
2464.3519530296	1.0000649691	4.1188898087
2465.3520102501	1.0000711679	4.1190876961
2466.3520674706	1.0000673532	4.1192436218
2467.3521246910	1.0000623465	4.1194157600
2468.3521814346	1.0000739098	4.1195917130
2469.3522386551	1.0000712872	4.1197662354
2470.3522958755	1.0000642538	4.1199235916
2471.3523530960	1.0000733137	4.1200742722
2472.3524103165	1.0000663996	4.1202602386
2473.3524675369	1.0000630617	4.1204299927
2474.3525247574	1.0000661612	4.1205811501
2475.3525819778	1.0000689030	4.1207547188
2476.3526391983	1.0000602007	4.1209073067
2477.3516964912	1.0000646114	4.1210875511
2478.3517537117	1.0000718832	4.1212520599
2479.3518109322	1.0000643730	4.1214241982
2480.3518681526	1.0000671148	4.1215829849
2481.3519253731	1.0000681877	4.1217508316
2482.3519825935	1.0000690222	4.1219077110
2483.3520398140	1.0000739098	4.1220917702
2484.3520970345	1.0000698566	4.1222658157
2485.3521542549	1.0000767708	4.1224274635
2486.3522114754	1.0000679493	4.1225953102
2487.3522686958	1.0000658035	4.1227407455
2488.3523254395	1.0000689030	4.1229162216
2489.3523826599	1.0000679493	4.1230902672
2490.3524398804	1.0000610352	4.1232566833
2491.3524971008	1.0000680685	4.1234340668
2492.3525543213	1.0000706911	4.1236171722
2493.3526115417	1.0000675917	4.1237640381
2494.3526687622	1.0000642538	4.1239018440
2495.3517260551	1.0000592470	4.1240801811
2496.3517832756	1.0000691414	4.1242465973
2497.3518404961	1.0000666380	4.1244487762
2498.3518977165	1.0000642538	4.1245884895
2499.3519549370	1.0000745058	4.1247587204
2500.3520121574	1.0000662804	4.1249265671
2501.3520693779	1.0000636578	4.1251006126
2502.3521265984	1.0000640154	4.1252775192
2503.3521838188	1.0000686646	4.1254324913
2504.3522410393	1.0000716448	4.1256070137
2505.3522982597	1.0000667572	4.1257762909
2506.3523554802	1.0000633001	4.1259422302
2507.3524127007	1.0000714064	4.1261115074
2508.3524694443	1.0000698566	4.1262688637
2509.3525266647	1.0000659227	4.1264381409
2510.3525838852	1.0000716448	4.1266074181
2511.3526411057	1.0000677109	4.1267824173
2512.3516983986	1.0000677109	4.1269431114
2513.3517556190	1.0000679493	4.1271138191
2514.3518128395	1.0000742674	4.1272864342
2515.3518700600	1.0000672340	4.1274471283
2516.3519272804	1.0000674725	4.1276130676
2517.3519845009	1.0000633001	4.1277766228
2518.3520417213	1.0000705719	4.1279520988
2519.3520989418	1.0000666380	4.1281228065
2520.3521561623	1.0000672340	4.1282782555
2521.3522133827	1.0000673532	4.1284575462
2522.3522706032	1.0000668764	4.1286249161
2523.3523278236	1.0000603199	4.1287918091
2524.3523850441	1.0000677109	4.1289544106
2525.3524422646	1.0000640154	4.1291289330
2526.3524994850	1.0000696182	4.1292991638
2527.3525562286	1.0000650883	4.1294822693
2528.3526134491	1.0000636578	4.1296377182
2529.3526706696	1.0000654459	4.1297907829
2530.3517274857	1.0000680685	4.1299633980
2531.3517851830	1.0000617504	4.1301403046
2532.3518419266	1.0000698566	4.1302990913
2533.3518996239	1.0000668764	4.1304678917
2534.3519563675	1.0000686646	4.1306295395
2535.3520140648	1.0000669956	4.1308031082
2536.3520708084	1.0000615120	4.1309628487
2537.3521285057	1.0000648499	4.1311297417
2538.3521852493	1.0000655651	4.1312952042
2539.3522429466	1.0000605583	4.1314821243
2540.3522996902	1.0000660419	4.1316499710
2541.3523573875	1.0000654459	4.1318020821
2542.3524141312	1.0000669956	4.1319789886
2543.3524718285	1.0000669956	4.1321382523
2544.3525285721	1.0000617504	4.1322865486
2545.3525862694	1.0000693798	4.1324563026
2546.3526430130	1.0000685453	4.1326446533
2547.3516998291	1.0000602007	4.1327953339
2548.3517570496	1.0000636578	4.1329503059
2549.3518142700	1.0000672340	4.1331305504
2550.3518714905	1.0000672340	4.1333022118
2551.3519287109	1.0000616312	4.1334614754
2552.3519859314	1.0000587702	4.1336278915
2553.3520431519	1.0000681877	4.1338071823
2554.3521003723	1.0000673532	4.1339817047
2555.3521575928	1.0000655651	4.1341609955
2556.3522148132	1.0000686646	4.1343250275
2557.3522720337	1.0000636578	4.1344933510
2558.3523292542	1.0000625849	4.1346549988
2559.3523864746	1.0000675917	4.1348242760
2560.3524436951	1.0000677109	4.1349849701
2561.3525009155	1.0000597239	4.1351609230
2562.3525581360	1.0000646114	4.1353349686
2563.3526153564	1.0000646114	4.1355023384
2564.3526725769	1.0000680685	4.1356487274
2565.3517298698	1.0000679493	4.1358356476
2566.3517870903	1.0000616312	4.1360039711
2567.3518438339	1.0000562668	4.1361432076
2568.3519010544	1.0000675917	4.1363110542
2569.3519582748	1.0000667572	4.1364932060
2570.3520154953	1.0000619888	4.1366648674
2571.3520727158	1.0000668764	4.1368165016
2572.3521299362	1.0000612736	4.1369857788
2573.3521871567	1.0000599623	4.1371459961
2574.3522443771	1.0000633001	4.1373224258
2575.3523015976	1.0000659227	4.1374855042
2576.3523588181	1.0000588894	4.1376590729
2577.3524160385	1.0000648499	4.1378307343
2578.3524732590	1.0000602007	4.1380066872
2579.3525304794	1.0000612736	4.1381769180
2580.3525876999	1.0000619888	4.1383347511
2581.3526449203	1.0000615120	4.1385006905
2582.3517022133	1.0000532866	4.1386666298
2583.3517594337	1.0000605583	4.1388397217
2584.3518166542	1.0000597239	4.1390070915
2585.3518738747	1.0000622272	4.1391830444
2586.3519310951	1.0000587702	4.1393423080
2587.3519878387	1.0000602007	4.1395201683
2588.3520450592	1.0000617504	4.1396880150
2589.3521022797	1.0000590086	4.1398501396
2590.3521595001	1.0000634193	4.1400237083
2591.3522167206	1.0000629425	4.1401810646
2592.3522739410	1.0000671148	4.1403560638
2593.3523311615	1.0000562668	4.1405243874
2594.3523883820	1.0000641346	4.1407051086
2595.3524456024	1.0000656843	4.1408648491
2596.3525028229	1.0000646114	4.1410479546
2597.3525600433	1.0000711679	4.1412115097
2598.3526172638	1.0000641346	4.1413769722
2599.3526744843	1.0000672340	4.1415395737
2600.3517317772	1.0000681877	4.1417250633
2601.3517889977	1.0000677109	4.1418871880
2602.3518462181	1.0000646114	4.1420502663
2603.3519034386	1.0000665188	4.1422266960
2604.3519606590	1.0000633001	4.1423902512
2605.3520178795	1.0000618696	4.1425547600
2606.3520750999	1.0000654459	4.1427288055
2607.3521318436	1.0000677109	4.1429009438
2608.3521890640	1.0000680685	4.1430711746
2609.3522462845	1.0000628233	4.1432418823
2610.3523035049	1.0000656843	4.1434049606
2611.3523607254	1.0000675917	4.1435742378
2612.3524179459	1.0000667572	4.1437492371
2613.3524751663	1.0000623465	4.1439294815
2614.3525323868	1.0000704527	4.1440925598
2615.3525896072	1.0000675917	4.1442618370
2616.3526468277	1.0000672340	4.1444401741
2617.3517041206	1.0000649691	4.1446003914
2618.3517613411	1.0000661612	4.1447763443
2619.3518185616	1.0000693798	4.1449499130
2620.3518757820	1.0000724792	4.1451163292
2621.3519330025	1.0000696182	4.1452889442
2622.3519902229	1.0000640154	4.1454629898
2623.3520474434	1.0000696182	4.1456298828
2624.3521046638	1.0000708103	4.1457934380
2625.3521618843	1.0000627041	4.1459813118
2626.3522186279	1.0000706911	4.1461567879
2627.3522758484	1.0000690222	4.1463298798
2628.3523330688	1.0000673532	4.1464872360
2629.3523902893	1.0000715256	4.1466641426
2630.3524475098	1.0000673532	4.1468276978
2631.3525047302	1.0000667572	4.1469936371
2632.3525619507	1.0000690222	4.1471667290
2633.3526191711	1.0000709295	4.1473288536
2634.3526763916	1.0000698566	4.1475062370
2635.3517336845	1.0000674725	4.1476864815
2636.3517909050	1.0000667572	4.1478495598
2637.3518481255	1.0000724792	4.1480255127
2638.3519053459	1.0000665188	4.1482048035
2639.3519625664	1.0000596046	4.1483645439
2640.3520197868	1.0000685453	4.1485304832
2641.3520770073	1.0000702143	4.1487140656
2642.3521342278	1.0000605583	4.1488742828
2643.3521914482	1.0000627041	4.1490511894
2644.3522486687	1.0000668764	4.1492252350
2645.3523058891	1.0000611544	4.1494026184
2646.3523626328	1.0000662804	4.1495604515
2647.3524198532	1.0000717640	4.1497373581
2648.3524770737	1.0000662804	4.1499238014
2649.3525342941	1.0000641346	4.1500926018
2650.3525915146	1.0000624657	4.1502552032
2651.3526487350	1.0000681877	4.1504335403
2652.3517060280	1.0000673532	4.1506252289
2653.3517627716	1.0000693798	4.1507887840
2654.3518204689	1.0000654459	4.1509647369
2655.3518772125	1.0000666380	4.1511216164
2656.3519349098	1.0000685453	4.1512999535
2657.3519916534	1.0000674725	4.1514816284
2658.3520493507	1.0000654459	4.1516575813
2659.3521060944	1.0000693798	4.1518311501
2660.3521637917	1.0000693798	4.1520195007
2661.3522205353	1.0000625849	4.1521763802
2662.3522782326	1.0000716448	4.1523523331
2663.3523349762	1.0000669956	4.1525235176
2664.3523926735	1.0000640154	4.1527318954
2665.3524494171	1.0000685453	4.1528840065
2666.3525066376	1.0000686646	4.1530737877
2667.3525638580	1.0000696182	4.1532392502
2668.3526210785	1.0000668764	4.1534128189
2669.3526782990	1.0000680685	4.1535954475
2670.3517351151	1.0000708103	4.1537690163
2671.3517923355	1.0000654459	4.1539325714
2672.3518495560	1.0000636578	4.1540875435
2673.3519067764	1.0000759363	4.1542763710
2674.3519639969	1.0000753403	4.1544523239
2675.3520212173	1.0000710487	4.1546392441
2676.3520784378	1.0000718832	4.1548056602
2677.3521356583	1.0000741482	4.1549792290
2678.3521928787	1.0000693798	4.1551580429
2679.3522500992	1.0000669956	4.1553268433
2680.3523073196	1.0000689030	4.1555137634
2681.3523645401	1.0000677109	4.1556873322
2682.3524217606	1.0000702143	4.1558785439
2683.3524789810	1.0000716448	4.1560544968
2684.3525362015	1.0000672340	4.1562309265
2685.3525934219	1.0000662804	4.1563906670
2686.3526506424	1.0000700951	4.1565852165
2687.3517074585	1.0000693798	4.1567707062
2688.3517646790	1.0000654459	4.1569399834
2689.3518218994	1.0000674725	4.1571197510
2690.3518791199	1.0000720024	4.1572995186
2691.3519363403	1.0000692606	4.1574788094
2692.3519935608	1.0000623465	4.1576600075
2693.3520507813	1.0000705719	4.1578435898
2694.3521080017	1.0000673532	4.1580028534
2695.3521652222	1.0000679493	4.1581912041
2696.3522224426	1.0000672340	4.1583642960
2697.3522796631	1.0000693798	4.1585402489
2698.3523368835	1.0000672340	4.1587409973
2699.3523941040	1.0000685453	4.1588983536
2700.3524513245	1.0000704527	4.1590914726
2701.3525085449	1.0000656843	4.1592693329
2702.3525657654	1.0000674725	4.1594400406
2703.3526229858	1.0000659227	4.1596188545
2704.3526802063	1.0000673532	4.1598119736
2705.3517374992	1.0000627041	4.1599822044
2706.3517942429	1.0000685453	4.1601634026
2707.3518514633	1.0000665188	4.1603527069
2708.3519086838	1.0000649691	4.1605262756
2709.3519659042	1.0000698566	4.1607089043
2710.3520231247	1.0000691414	4.1608948708
2711.3520803452	1.0000679493	4.1610794067
2712.3521375656	1.0000665188	4.1612348557
2713.3521947861	1.0000672340	4.1614284515
2714.3522520065	1.0000622272	4.1616144180
2715.3523092270	1.0000673532	4.1618084908
2716.3523664474	1.0000742674	4.1619853973
2717.3524236679	1.0000748634	4.1621780396
2718.3524808884	1.0000654459	4.1623497009
2719.3525381088	1.0000710487	4.1625404358
2720.3525953293	1.0000652075	4.1627044678
2721.3526525497	1.0000708103	4.1628904343
2722.3517098427	1.0000673532	4.1630864143
2723.3517670631	1.0000615120	4.1632595062
2724.3518242836	1.0000703335	4.1634402275
2725.3518810272	1.0000658035	4.1636323929
2726.3519382477	1.0000638962	4.1638293266
2727.3519954681	1.0000659227	4.1640048027
2728.3520526886	1.0000650883	4.1641931534
2729.3521099091	1.0000623465	4.1643700600
2730.3521671295	1.0000683069	4.1645507813
2731.3522243500	1.0000741482	4.1647429466
2732.3522815704	1.0000594854	4.1649241447
2733.3523387909	1.0000642538	4.1651115417
2734.3523960114	1.0000675917	4.1652984619
2735.3524532318	1.0000658035	4.1654901505
2736.3525104523	1.0000647306	4.1656675339
2737.3525676727	1.0000630617	4.1658449173
2738.3526248932	1.0000653267	4.1660566330
2739.3526821136	1.0000634193	4.1662368774
2740.3517394066	1.0000625849	4.1664233208
2741.3517966270	1.0000704527	4.1666059494
2742.3518538475	1.0000654459	4.1667900085
2743.3519110680	1.0000644922	4.1669874191
2744.3519682884	1.0000685453	4.1671624184
2745.3520250320	1.0000687838	4.1673479080
2746.3520822525	1.0000696182	4.1675477028
2747.3521394730	1.0000689030	4.1677508354
2748.3521966934	1.0000679493	4.1679372787
2749.3522539139	1.0000665188	4.1681342125
2750.3523111343	1.0000619888	4.1683125496
2751.3523683548	1.0000686646	4.1685113907
2752.3524255753	1.0000663996	4.1687116623
2753.3524827957	1.0000641346	4.1688871384
2754.3525400162	1.0000661612	4.1690764427
2755.3525972366	1.0000689030	4.1692624092
2756.3526544571	1.0000625849	4.1694564819
2757.3517117500	1.0000667572	4.1696529388
2758.3517689705	1.0000716448	4.1698412895
2759.3518261909	1.0000646114	4.1700339317
2760.3518834114	1.0000633001	4.1702165604
2761.3519406319	1.0000684261	4.1704311371
2762.3519978523	1.0000654459	4.1706275940
2763.3520550728	1.0000668764	4.1708154678
2764.3521122932	1.0000656843	4.1709904671
2765.3521690369	1.0000647306	4.1711935997
2766.3522262573	1.0000625849	4.1713905334
2767.3522834778	1.0000691414	4.1715846062
2768.3523406982	1.0000717640	4.1717767715
2769.3523979187	1.0000649691	4.1719775200
2770.3524551392	1.0000637770	4.1721882820
2771.3525123596	1.0000636578	4.1723756790
2772.3525695801	1.0000666380	4.1725831032
2773.3526268005	1.0000681877	4.1727862358
2774.3526840210	1.0000633001	4.1729617119
2775.3517413139	1.0000693798	4.1731777191
2776.3517980576	1.0000724792	4.1733846664
2777.3518557549	1.0000685453	4.1735773087
2778.3519124985	1.0000650883	4.1737537384
2779.3519701958	1.0000706911	4.1739640236
2780.3520269394	1.0000672340	4.1741499901
2781.3520846367	1.0000675917	4.1743535995
2782.3521413803	1.0000677109	4.1745600700
2783.3521990776	1.0000649691	4.1747655869
2784.3522558212	1.0000665188	4.1749649048
2785.3523130417	1.0000677109	4.1751585007
2786.3523702621	1.0000683069	4.1753635406
2787.3524274826	1.0000647306	4.1755685806
2788.3524847031	1.0000662804	4.1757688522
2789.3525419235	1.0000694990	4.1759667397
2790.3525986671	1.0000656843	4.1761703491
2791.3526563644	1.0000678301	4.1763815880
2792.3517131805	1.0000661612	4.1765718460
2793.3517704010	1.0000675917	4.1767816544
2794.3518276215	1.0000619888	4.1769576073
2795.3518848419	1.0000642538	4.1771678925
2796.3519420624	1.0000698566	4.1773829460
2797.3519992828	1.0000672340	4.1775851250
2798.3520565033	1.0000634193	4.1777839661
2799.3521137238	1.0000672340	4.1780023575
2800.3521709442	1.0000706911	4.1781911850
2801.3522281647	1.0000680685	4.1784319878
2802.3522853851	1.0000699759	4.1786413193
2803.3523426056	1.0000640154	4.1788334846
2804.3523998260	1.0000672340	4.1790485382
2805.3524570465	1.0000672340	4.1792535782
2806.3525142670	1.0000684261	4.1794610023
2807.3525714874	1.0000667572	4.1796803474
2808.3526282310	1.0000761747	4.1798872948
2809.3526854515	1.0000739098	4.1800985336
2810.3517427444	1.0000697374	4.1803126335
2811.3517999649	1.0000727177	4.1805162430
2812.3518571854	1.0000689030	4.1807074547
2813.3519144058	1.0000654459	4.1809473038
2814.3519716263	1.0000658035	4.1811308861
2815.3520288467	1.0000652075	4.1813516617
2816.3520860672	1.0000592470	4.1815543175
2817.3521432877	1.0000671148	4.1817822456
2818.3522005081	1.0000613928	4.1819972992
2819.3522577286	1.0000621080	4.1822113991
2820.3523149490	1.0000600815	4.1824226379
2821.3523721695	1.0000643730	4.1826353073
2822.3524293900	1.0000666380	4.1828546524
2823.3524866104	1.0000646114	4.1830906868
2824.3525438309	1.0000654459	4.1832995415
2825.3526010513	1.0000675917	4.1835160255
2826.3526582718	1.0000628233	4.1837306023
2827.3517150879	1.0000689030	4.1839385033
2828.3517723083	1.0000727177	4.1841597557
2829.3518295288	1.0000649691	4.1843814850
2830.3518867493	1.0000623465	4.1846065521
2831.3519439697	1.0000712872	4.1848220825
2832.3520011902	1.0000667572	4.1850404739
2833.3520584106	1.0000643730	4.1852693558
2834.3521156311	1.0000667572	4.1854782104
2835.3521728516	1.0000699759	4.1857166290
2836.3522300720	1.0000668764	4.1859450340
2837.3522872925	1.0000616312	4.1861596107
2838.3523445129	1.0000631809	4.1863713264
2839.3524017334	1.0000650883	4.1866221428
2840.3524589539	1.0000665188	4.1868362427
2841.3525161743	1.0000681877	4.1870636940
2842.3525733948	1.0000628233	4.1872930527
2843.3526306152	1.0000631809	4.1875100136
2844.3526878357	1.0000669956	4.1877322197
2845.3517446518	1.0000703335	4.1879777908
2846.3518018723	1.0000649691	4.1882014275
2847.3518590927	1.0000627041	4.1884279251
2848.3519163132	1.0000653267	4.1886501312
2849.3519735336	1.0000662804	4.1888637543
2850.3520307541	1.0000633001	4.1891059875
2851.3520879745	1.0000594854	4.1893324852
2852.3521451950	1.0000669956	4.1895675659
2853.3522024155	1.0000618696	4.1897907257
2854.3522596359	1.0000571012	4.1900115013
2855.3523168564	1.0000673532	4.1902694702
2856.3523740768	1.0000615120	4.1904935837
2857.3524312973	1.0000640154	4.1907272339
2858.3524885178	1.0000656843	4.1909470558
2859.3525457382	1.0000673532	4.1912026405
2860.3526029587	1.0000660419	4.1914367676
2861.3526601791	1.0000650883	4.1916632652
2862.3517174721	1.0000699759	4.1919002533
2863.3517746925	1.0000640154	4.1921343803
2864.3518314362	1.0000700951	4.1923670769
2865.3518886566	1.0000731945	4.1926198006
2866.3519458771	1.0000671148	4.1928496361
2867.3520030975	1.0000663996	4.1930685043
2868.3520603180	1.0000685453	4.1933107376
2869.3521175385	1.0000662804	4.1935534477
2870.3521747589	1.0000654459	4.1937923431
2871.3522319794	1.0000735521	4.1940369606
2872.3522891998	1.0000734329	4.1942882538
2873.3523464203	1.0000663996	4.1945195198
2874.3524036407	1.0000728369	4.1947741508
2875.3524608612	1.0000702143	4.1949987411
2876.3525180817	1.0000675917	4.1952643394
2877.3525753021	1.0000659227	4.1954874992
2878.3526325226	1.0000672340	4.1957330704
2879.3526897430	1.0000654459	4.1959838867
2880.3517470360	1.0000649691	4.1962370872
2881.3518042564	1.0000689030	4.1964826584
2882.3518614769	1.0000665188	4.1967306137
2883.3519186974	1.0000685453	4.1969704628
2884.3519754410	1.0000721216	4.1972322464
2885.3520326614	1.0000668764	4.1974873543
2886.3520898819	1.0000661612	4.1977353096
2887.3521471024	1.0000685453	4.1979823112
2888.3522043228	1.0000722408	4.1982584000
2889.3522615433	1.0000675917	4.1984767914
2890.3523187637	1.0000725985	4.1987333298
2891.3523759842	1.0000693798	4.1989874840
2892.3524332047	1.0000724792	4.1992211342
2893.3524904251	1.0000685453	4.1994776726
2894.3525476456	1.0000680685	4.1997380257
2895.3526048660	1.0000686646	4.2000050545
0.3520202637	1.0000779629	3.4422447681
1.3520774841	1.0000826120	3.4604010582
2.3521342278	1.0000799894	3.4719300270
3.3521914482	1.0000820160	3.4814422131
4.3522486687	1.0000746250	3.4896965027
5.3523058891	1.0000808239	3.4970407486
6.3523631096	1.0000845194	3.5037171841
7.3524203300	1.0000876188	3.5098230839
8.3524775505	1.0000842810	3.5154786110
9.3525347710	1.0000844002	3.5207245350
10.3525919914	1.0000867844	3.5256564617
11.3526492119	1.0000836849	3.5302841663
12.3517065048	1.0000855923	3.5346617699
13.3517637253	1.0000785589	3.5388224125
14.3518209457	1.0000829697	3.5427646637
15.3518781662	1.0000866652	3.5465321541
16.3519353867	1.0000829697	3.5501201153
17.3519926071	1.0000824928	3.5535418987
18.3520498276	1.0000882149	3.5568625927
19.3521070480	1.0000814199	3.5600619316
20.3521642685	1.0000836849	3.5631055832
21.3522214890	1.0000900030	3.5660433769
22.3522782326	1.0000834465	3.5688793659
23.3523354530	1.0000855923	3.5716342926
24.3523926735	1.0000848770	3.5742762089
25.3524498940	1.0000900030	3.5768659115
26.3525071144	1.0000922680	3.5793521404
27.3525643349	1.0000859499	3.5817716122
28.3526215553	1.0000841618	3.5841109753
29.3526787758	1.0000828505	3.5863921642
30.3517360687	1.0000848770	3.5885984898
31.3517932892	1.0000853539	3.5907628536
32.3518505096	1.0000844002	3.5928463936
33.3519077301	1.0000871420	3.5948905945
34.3519649506	1.0000840425	3.5968842506
35.3520221710	1.0000886917	3.5988297462
36.3520793915	1.0000811815	3.6007068157
37.3521366119	1.0000909567	3.6025390625
38.3521938324	1.0000863075	3.6043419838
39.3522510529	1.0000872612	3.6060819626
40.3523082733	1.0000869036	3.6078085899
41.3523654938	1.0000816584	3.6094827652
42.3524222374	1.0000854731	3.6111187935
43.3524794579	1.0000867844	3.6127147675
44.3525366783	1.0000848770	3.6142706871
45.3525938988	1.0000807047	3.6157839298
46.3526511192	1.0000815392	3.6172888279
47.3517084122	1.0000844002	3.6187272072
48.3517656326	1.0000872612	3.6201372147
49.3518228531	1.0000849962	3.6215293407
50.3518800735	1.0000892878	3.6228995323
51.3519372940	1.0000835657	3.6242201328
52.3519945145	1.0000884533	3.6255197525
53.3520517349	1.0000892878	3.6267991066
54.3521089554	1.0000898838	3.6280212402
55.3521661758	1.0000839233	3.6292066574
56.3522233963	1.0000908375	3.6304130554
57.3522806168	1.0000853539	3.6315531731
58.3523378372	1.0000897646	3.6326787472
59.3523950577	1.0000898838	3.6337759495
60.3524522781	1.0000816584	3.6348364353
61.3525094986	1.0000877380	3.6358871460
62.3525662422	1.0000908375	3.6369090080
63.3526234627	1.0000861883	3.6379029751
64.3526806831	1.0000886917	3.6388785839
65.3517379761	1.0000950098	3.6398596764
66.3517951965	1.0000967979	3.6407723427
67.3518524170	1.0000929832	3.6417076588
68.3519096375	1.0000863075	3.6425814629
69.3519668579	1.0000904799	3.6434645653
70.3520240784	1.0000900030	3.6443357468
71.3520812988	1.0000889301	3.6451706886
72.3521385193	1.0000860691	3.6459822655
73.3521957397	1.0000902414	3.6467957497
74.3522529602	1.0000928640	3.6475758553
75.3523101807	1.0000905991	3.6483404636
76.3523674011	1.0000864267	3.6490895748
77.3524246216	1.0000928640	3.6498303413
78.3524818420	1.0000901222	3.6505672932
79.3525390625	1.0000928640	3.6512823105
80.3525962830	1.0000897646	3.6519813538
81.3526535034	1.0000879765	3.6527040005
82.3517098427	1.0000884533	3.6533796787
83.3517675400	1.0000833273	3.6540334225
84.3518242836	1.0000871420	3.6546971798
85.3518819809	1.0000840425	3.6553516388
86.3519387245	1.0000861883	3.6559851170
87.3519964218	1.0000888109	3.6566150188
88.3520531654	1.0000902414	3.6572372913
89.3521108627	1.0000916719	3.6578495502
90.3521676064	1.0000890493	3.6584649086
91.3522253036	1.0000894070	3.6590619087
92.3522820473	1.0000902414	3.6596481800
93.3523397446	1.0000855923	3.6602494717
94.3523964882	1.0000799894	3.6608223915
95.3524541855	1.0000873804	3.6613819599
96.3525109291	1.0000849962	3.6619498730
97.3525686264	1.0000886917	3.6625111103
98.3526253700	1.0000820160	3.6630623341
99.3526830673	1.0000908375	3.6636018753
100.3517398834	1.0000874996	3.6641352177
101.3517966270	1.0000920296	3.6646866798
102.3518538475	1.0000890493	3.6652173996
103.3519110680	1.0000908375	3.6657423973
104.3519682884	1.0000884533	3.6662471294
105.3520255089	1.0000891685	3.6667764187
106.3520827293	1.0000842810	3.6672825813
107.3521399498	1.0000836849	3.6678044796
108.3521971703	1.0000811815	3.6682929993
109.3522543907	1.0000866652	3.6688067913
110.3523116112	1.0000836849	3.6692860126
111.3523688316	1.0000878572	3.6697747707
112.3524260521	1.0000919104	3.6702859402
113.3524832726	1.0000923872	3.6707611084
114.3525404930	1.0000857115	3.6712453365
115.3525977135	1.0000842810	3.6717369556
116.3526549339	1.0000840425	3.6722157001
117.3517122269	1.0000848770	3.6726930141
118.3517694473	1.0000860691	3.6731874943
119.3518266678	1.0000863075	3.6736438274
120.3518838882	1.0000867844	3.6741113663
121.3519406319	1.0000842810	3.6745719910
122.3519978523	1.0000876188	3.6750545502
123.3520550728	1.0000917912	3.6755123138
124.3521122932	1.0000846386	3.6759624481
125.3521695137	1.0000803471	3.6764295101
126.3522267342	1.0000790358	3.6768736839
127.3522839546	1.0000853539	3.6773178577
128.3523411751	1.0000780821	3.6777701378
129.3523983955	1.0000873804	3.6782267094
130.3524556160	1.0000842810	3.6786572933
131.3525128365	1.0000926256	3.6791090965
132.3525700569	1.0000866652	3.6795725822
133.3526272774	1.0000866652	3.6800127029
134.3526844978	1.0000852346	3.6804418564
135.3517417908	1.0000832081	3.6808898449
136.3517990112	1.0000839233	3.6813299656
137.3518562317	1.0000830889	3.6817729473
138.3519134521	1.0000842810	3.6822125912
139.3519706726	1.0000759363	3.6826276779
140.3520278931	1.0000798702	3.6830704212
141.3520846367	1.0000818968	3.6834983826
142.3521418571	1.0000854731	3.6839189529
143.3521990776	1.0000793934	3.6843655109
144.3522562981	1.0000755787	3.6848032475
145.3523135185	1.0000803471	3.6852259636
146.3523707390	1.0000787973	3.6856567860
147.3524279594	1.0000818968	3.6860754490
148.3524851799	1.0000829697	3.6865088940
149.3525424004	1.0000860691	3.6869287491
150.3525996208	1.0000847578	3.6873567104
151.3526568413	1.0000841618	3.6877882481
152.3517141342	1.0000865459	3.6881937981
153.3517713547	1.0000774860	3.6886129379
154.3518285751	1.0000770092	3.6890354156
155.3518857956	1.0000756979	3.6894624233
156.3519430161	1.0000816584	3.6898822784
157.3520002365	1.0000796318	3.6902847290
158.3520574570	1.0000779629	3.6907052994
159.3521146774	1.0000832081	3.6911234856
160.3521718979	1.0000772476	3.6915357113
161.3522286415	1.0000797510	3.6919312477
162.3522858620	1.0000803471	3.6923594475
163.3523430824	1.0000796318	3.6927728653
164.3524003029	1.0000836849	3.6931574345
165.3524575233	1.0000835657	3.6935961246
166.3525147438	1.0000801086	3.6940214634
167.3525719643	1.0000861883	3.6944360733
168.3526291847	1.0000826120	3.6948485374
169.3526864052	1.0000816584	3.6952593327
170.3517436981	1.0000766516	3.6956417561
171.3518009186	1.0000758171	3.6960673332
172.3518581390	1.0000833273	3.6964604855
173.3519153595	1.0000832081	3.6968762875
174.3519725800	1.0000780821	3.6972608566
175.3520298004	1.0000829697	3.6976747513
176.3520870209	1.0000777245	3.6980762482
177.3521442413	1.0000848770	3.6984770298
178.3522014618	1.0000797510	3.6988732815
179.3522586823	1.0000816584	3.6992790699
180.3523159027	1.0000783205	3.6996781826
181.3523726463	1.0000772476	3.7000789642
182.3524298668	1.0000816584	3.7004861832
183.3524870872	1.0000815392	3.7008850574
184.3525443077	1.0000803471	3.7012655735
185.3526015282	1.0000783205	3.7016572952
186.3526587486	1.0000807047	3.7020788193
187.3517160416	1.0000755787	3.7024757862
188.3517732620	1.0000764132	3.7028541565
189.3518304825	1.0000808239	3.7032716274
190.3518877029	1.0000839233	3.7036626339
191.3519449234	1.0000889301	3.7040624619
192.3520021439	1.0000861883	3.7044594288
193.3520593643	1.0000864267	3.7048568726
194.3521165848	1.0000855923	3.7052447796
195.3521738052	1.0000852346	3.7056238651
196.3522310257	1.0000897646	3.7060258389
197.3522882462	1.0000891685	3.7064111233
198.3523454666	1.0000869036	3.7068126202
199.3524026871	1.0000863075	3.7071981430
200.3524594307	1.0000839233	3.7076168060
201.3525166512	1.0000817776	3.7080030441
202.3525738716	1.0000799894	3.7083876133
203.3526310921	1.0000834465	3.7087802887
204.3526883125	1.0000915527	3.7091877460
205.3517451286	1.0000895262	3.7095642090
206.3518028259	1.0000847578	3.7099604607
207.3518595695	1.0000866652	3.7103457451
208.3519172668	1.0000903606	3.7107319832
209.3519740105	1.0000915527	3.7111325264
210.3520317078	1.0000838041	3.7115139961
211.3520884514	1.0000832081	3.7119069099
212.3521461487	1.0000844002	3.7123050690
213.3522028923	1.0000864267	3.7126998901
214.3522605896	1.0000786781	3.7130789757
215.3523173332	1.0000790358	3.7134644985
216.3523750305	1.0000851154	3.7138409615
217.3524317741	1.0000815392	3.7142302990
218.3524894714	1.0000842810	3.7146005630
219.3525462151	1.0000861883	3.7149956226
220.3526034355	1.0000823736	3.7153792381
221.3526606560	1.0000842810	3.7157714367
222.3517174721	1.0000810623	3.7161450386
223.3517746925	1.0000849962	3.7165384293
224.3518319130	1.0000805855	3.7169239521
225.3518891335	1.0000822544	3.7173054218
226.3519463539	1.0000820160	3.7176823616
227.3520035744	1.0000845194	3.7180562019
228.3520607948	1.0000864267	3.7184398174
229.3521180153	1.0000873804	3.7188327312
230.3521752357	1.0000844002	3.7192049026
231.3522324562	1.0000834465	3.7195956707
232.3522896767	1.0000873804	3.7199931145
233.3523468971	1.0000838041	3.7203803062
234.3524041176	1.0000809431	3.7207660675
235.3524613380	1.0000858307	3.7211470604
236.3525185585	1.0000820160	3.7215328217
237.3525757790	1.0000911951	3.7219130993
238.3526329994	1.0000910759	3.7223055363
239.3526902199	1.0000935793	3.7226655483
240.3517470360	1.0000880957	3.7230632305
241.3518042564	1.0000882149	3.7234435081
242.3518614769	1.0000861883	3.7238252163
243.3519186974	1.0000824928	3.7241990566
244.3519759178	1.0000913143	3.7245600224
245.3520331383	1.0000903606	3.7249350548
246.3520903587	1.0000905991	3.7253308296
247.3521475792	1.0000897646	3.7257287502
248.3522047997	1.0000872612	3.7261216640
249.3522620201	1.0000877380	3.7264950275
250.3523192406	1.0000779629	3.7268650532
251.3523764610	1.0000828505	3.7272632122
252.3524336815	1.0000848770	3.7276217937
253.3524909019	1.0000860691	3.7280015945
254.3525481224	1.0000871420	3.7283859253
255.3526053429	1.0000810623	3.7287716866
256.3526625633	1.0000846386	3.7291553020
257.3517198563	1.0000756979	3.7295255661
258.3517770767	1.0000795126	3.7299118042
259.3518342972	1.0000827312	3.7302916050
260.3518910408	1.0000886917	3.7306687832
261.3519482613	1.0000842810	3.7310552597
262.3520054817	1.0000888109	3.7314376831
263.3520627022	1.0000883341	3.7318127155
264.3521199226	1.0000891685	3.7321951389
265.3521771431	1.0000852346	3.7325720787
266.3522343636	1.0000838041	3.7329499722
267.3522915840	1.0000838041	3.7333297729
268.3523488045	1.0000803471	3.7337234020
269.3524060249	1.0000841618	3.7340695858
270.3524632454	1.0000853539	3.7344520092
271.3525204659	1.0000882149	3.7348549366
272.3525776863	1.0000855923	3.7352302074
273.3526349068	1.0000871420	3.7356138229
274.3516921997	1.0000880957	3.7359862328
275.3517494202	1.0000808239	3.7363801003
276.3518066406	1.0000780821	3.7367465496
277.3518638611	1.0000860691	3.7371566296
278.3519210815	1.0000873804	3.7375237942
279.3519783020	1.0000877380	3.7379057407
280.3520350456	1.0000824928	3.7382736206
281.3520922661	1.0000820160	3.7386624813
282.3521494865	1.0000802279	3.7390284538
283.3522067070	1.0000882149	3.7393910885
284.3522639275	1.0000854731	3.7397906780
285.3523211479	1.0000780821	3.7401707172
286.3523783684	1.0000822544	3.7405366898
287.3524355888	1.0000785589	3.7409234047
288.3524928093	1.0000838041	3.7412962914
289.3525500298	1.0000847578	3.7416751385
290.3526072502	1.0000897646	3.7420372963
291.3526644707	1.0000815392	3.7424249649
292.3517217636	1.0000882149	3.7428157330
293.3517789841	1.0000851154	3.7431957722
294.3518362045	1.0000772476	3.7435669899
295.3518934250	1.0000852346	3.7439637184
296.3519506454	1.0000808239	3.7443389893
297.3520078659	1.0000882149	3.7447035313
298.3520650864	1.0000892878	3.7450728416
299.3521218300	1.0000847578	3.7454664707
300.3521790504	1.0000866652	3.7458496094
301.3522362709	1.0000828505	3.7462298870
302.3522934914	1.0000859499	3.7466118336
303.3523507118	1.0000844002	3.7469666004
304.3524079323	1.0000892878	3.7473702431
305.3524651527	1.0000888109	3.7477314472
306.3525223732	1.0000904799	3.7481086254
307.3525795937	1.0000928640	3.7485010624
308.3526368141	1.0000838041	3.7488615513
309.3516941071	1.0000917912	3.7492334843
310.3517513275	1.0000859499	3.7496147156
311.3518085480	1.0000882149	3.7499845028
312.3518657684	1.0000895262	3.7503557205
313.3519229889	1.0000904799	3.7507410049
314.3519802094	1.0000947714	3.7511496544
315.3520374298	1.0000822544	3.7515058517
316.3520946503	1.0000840425	3.7518761158
317.3521518707	1.0000910759	3.7522737980
318.3522090912	1.0000917912	3.7526352406
319.3522658348	1.0000904799	3.7530095577
320.3523230553	1.0000869036	3.7533810139
321.3523802757	1.0000803471	3.7537488937
322.3524374962	1.0000873804	3.7541463375
323.3524947166	1.0000866652	3.7545077801
324.3525519371	1.0000878572	3.7548856735
325.3526091576	1.0000886917	3.7552759647
326.3526663780	1.0000864267	3.7556407452
327.3517236710	1.0000787973	3.7560048103
328.3517804146	1.0000823736	3.7563943863
329.3518381119	1.0000834465	3.7567660809
330.3518948555	1.0000879765	3.7571492195
331.3519525528	1.0000914335	3.7575354576
332.3520092964	1.0000884533	3.7579293251
333.3520669937	1.0000847578	3.7582960129
334.3521237373	1.0000860691	3.7586650848
335.3521814346	1.0000841618	3.7590560913
336.3522381783	1.0000840425	3.7594265938
337.3522958755	1.0000860691	3.7598052025
338.3523526192	1.0000883341	3.7601840496
339.3524098396	1.0000860691	3.7605502605
340.3524670601	1.0000882149	3.7609286308
341.3525242805	1.0000874996	3.7612862587
342.3525815010	1.0000947714	3.7616796494
343.3526387215	1.0000855923	3.7620429993
344.3516955376	1.0000855923	3.7624361515
345.3517527580	1.0000863075	3.7628052235
346.3518099785	1.0000805855	3.7631726265
347.3518671989	1.0000860691	3.7635524273
348.3519244194	1.0000858307	3.7639224529
349.3519816399	1.0000838041	3.7642993927
350.3520388603	1.0000854731	3.7646963596
351.3520960808	1.0000826120	3.7650578022
352.3521533012	1.0000859499	3.7654473782
353.3522105217	1.0000811815	3.7658081055
354.3522677422	1.0000904799	3.7662055492
355.3523249626	1.0000904799	3.7665932178
356.3523821831	1.0000863075	3.7669677734
357.3524394035	1.0000827312	3.7673299313
358.3524966240	1.0000747442	3.7677009106
359.3525538445	1.0000834465	3.7680909634
360.3526110649	1.0000807047	3.7684588432
361.3526682854	1.0000883341	3.7688241005
362.3517251015	1.0000852346	3.7691986561
363.3517823219	1.0000847578	3.7695739269
364.3518395424	1.0000839233	3.7699410915
365.3518967628	1.0000846386	3.7703118324
366.3519539833	1.0000832081	3.7706921101
367.3520112038	1.0000820160	3.7710628510
368.3520684242	1.0000777245	3.7714409828
369.3521256447	1.0000840425	3.7718222141
370.3521828651	1.0000861883	3.7722041607
371.3522400856	1.0000832081	3.7725596428
372.3522973061	1.0000787973	3.7729465961
373.3523545265	1.0000787973	3.7733223438
374.3524117470	1.0000824928	3.7737040520
375.3524689674	1.0000799894	3.7740800381
376.3525261879	1.0000864267	3.7744445801
377.3525834084	1.0000807047	3.7748277187
378.3526406288	1.0000817776	3.7752041817
379.3516974449	1.0000860691	3.7755818367
380.3517546654	1.0000817776	3.7759573460
381.3518118858	1.0000804663	3.7763357162
382.3518691063	1.0000716448	3.7766957283
383.3519263268	1.0000796318	3.7770636082
384.3519835472	1.0000798702	3.7774341106
385.3520407677	1.0000805855	3.7778079510
386.3520979881	1.0000802279	3.7781944275
387.3521552086	1.0000790358	3.7785718441
388.3522124290	1.0000827312	3.7789547443
389.3522696495	1.0000772476	3.7793405056
390.3523268700	1.0000778437	3.7796998024
391.3523840904	1.0000815392	3.7800817490
392.3524413109	1.0000772476	3.7804648876
393.3524985313	1.0000811815	3.7808482647
394.3525557518	1.0000765324	3.7812223434
395.3526129723	1.0000814199	3.7815856934
396.3526701927	1.0000864267	3.7819509506
397.3517274857	1.0000901222	3.7823426723
398.3517842293	1.0000863075	3.7827169895
399.3518414497	1.0000832081	3.7830936909
400.3518986702	1.0000877380	3.7834551334
401.3519558907	1.0000768900	3.7838196754
402.3520131111	1.0000834465	3.7842099667
403.3520703316	1.0000809431	3.7846035957
404.3521275520	1.0000773668	3.7849576473
405.3521847725	1.0000756979	3.7853209972
406.3522419930	1.0000803471	3.7857086658
407.3522992134	1.0000779629	3.7860813141
408.3523564339	1.0000758171	3.7864453793
409.3524136543	1.0000749826	3.7868165970
410.3524708748	1.0000759363	3.7872147560
411.3525280952	1.0000741482	3.7875754833
412.3525853157	1.0000785589	3.7879548073
413.3526425362	1.0000823736	3.7883369923
414.3516998291	1.0000824928	3.7887120247
415.3517570496	1.0000807047	3.7890827656
416.3518142700	1.0000799894	3.7894408703
417.3518714905	1.0000764132	3.7898278236
418.3519282341	1.0000798702	3.7901904583
419.3519854546	1.0000826120	3.7905631065
420.3520426750	1.0000786781	3.7909231186
421.3520998955	1.0000759363	3.7913050652
422.3521571159	1.0000832081	3.7916750908
423.3522143364	1.0000801086	3.7920567989
424.3522715569	1.0000686646	3.7924299240
425.3523287773	1.0000813007	3.7927906513
426.3523859978	1.0000708103	3.7931678295
427.3524432182	1.0000756979	3.7935409546
428.3525004387	1.0000700951	3.7939069271
429.3525576591	1.0000836849	3.7942905426
430.3526148796	1.0000802279	3.7946736813
431.3526721001	1.0000807047	3.7950484753
432.3517293930	1.0000767708	3.7954177856
433.3517866135	1.0000751019	3.7957882881
434.3518438339	1.0000823736	3.7961652279
435.3519010544	1.0000776052	3.7965288162
436.3519582748	1.0000741482	3.7969071865
437.3520154953	1.0000724792	3.7972593307
438.3520722389	1.0000776052	3.7976357937
439.3521294594	1.0000821352	3.7980203629
440.3521866798	1.0000811815	3.7983973026
441.3522439003	1.0000804663	3.7987909317
442.3523011208	1.0000797510	3.7991595268
443.3523583412	1.0000777245	3.7995195389
444.3524155617	1.0000835657	3.7999053001
445.3524727821	1.0000820160	3.8002753258
446.3525300026	1.0000784397	3.8006393909
447.3525872231	1.0000803471	3.8010041714
448.3526444435	1.0000836849	3.8013851643
449.3517012596	1.0000791550	3.8017563820
450.3517589569	1.0000742674	3.8021218777
451.3518157005	1.0000710487	3.8025019169
452.3518733978	1.0000720024	3.8028633595
453.3519301414	1.0000801086	3.8032457829
454.3519878387	1.0000814199	3.8036153316
455.3520445824	1.0000725985	3.8039863110
456.3521022797	1.0000765324	3.8043603897
457.3521590233	1.0000826120	3.8047342300
458.3522162437	1.0000797510	3.8051128387
459.3522734642	1.0000790358	3.8054873943
460.3523306847	1.0000767708	3.8058342934
461.3523874283	1.0000777245	3.8062078953
462.3524451256	1.0000834465	3.8065805435
463.3525018692	1.0000823736	3.8069496155
464.3525595665	1.0000783205	3.8073263168
465.3526163101	1.0000798702	3.8076989651
466.3526740074	1.0000774860	3.8080687523
467.3517308235	1.0000797510	3.8084492683
468.3517880440	1.0000786781	3.8088159561
469.3518452644	1.0000824928	3.8091876507
470.3519024849	1.0000784397	3.8095302582
471.3519597054	1.0000810623	3.8099262714
472.3520169258	1.0000817776	3.8102869987
473.3520741463	1.0000786781	3.8106648922
474.3521313667	1.0000801086	3.8110222816
475.3521885872	1.0000802279	3.8113849163
476.3522458076	1.0000807047	3.8117561340
477.3523030281	1.0000728369	3.8121261597
478.3523602486	1.0000827312	3.8125021458
479.3524174690	1.0000847578	3.8128695488
480.3524746895	1.0000811815	3.8132457733
481.3525314331	1.0000803471	3.8136124611
482.3525886536	1.0000835657	3.8139796257
483.3526458740	1.0000874996	3.8143367767
484.3517031670	1.0000842810	3.8147091866
485.3517603874	1.0000790358	3.8150792122
486.3518176079	1.0000836849	3.8154642582
487.3518748283	1.0000816584	3.8158092499
488.3519320488	1.0000839233	3.8161864281
489.3519892693	1.0000849962	3.8165585995
490.3520464897	1.0000771284	3.8169181347
491.3521037102	1.0000814199	3.8172731400
492.3521609306	1.0000805855	3.8176388741
493.3522181511	1.0000766516	3.8180058002
494.3522753716	1.0000817776	3.8183796406
495.3523325920	1.0000736713	3.8187506199
496.3523898125	1.0000785589	3.8191018105
497.3524470329	1.0000773668	3.8194742203
498.3525042534	1.0000754595	3.8198435307
499.3525614738	1.0000731945	3.8201963902
500.3526186943	1.0000798702	3.8205683231
501.3526754379	1.0000780821	3.8209335804
502.3517327309	1.0000774860	3.8213016987
503.3517899513	1.0000760555	3.8216614723
504.3518471718	1.0000833273	3.8220360279
505.3519043922	1.0000792742	3.8223693371
506.3519616127	1.0000793934	3.8227458000
507.3520188332	1.0000815392	3.8231203556
508.3520760536	1.0000787973	3.8234863281
509.3521332741	1.0000798702	3.8238537312
510.3521904945	1.0000804663	3.8241965771
511.3522477150	1.0000834465	3.8245704174
512.3523049355	1.0000730753	3.8249428272
513.3523621559	1.0000737906	3.8252742290
514.3524193764	1.0000824928	3.8256537914
515.3524765968	1.0000838041	3.8260378838
516.3525338173	1.0000740290	3.8263814449
517.3525910378	1.0000838041	3.8267414570
518.3526482582	1.0000807047	3.8271212578
519.3517050743	1.0000798702	3.8274707794
520.3517622948	1.0000798702	3.8278379440
521.3518195152	1.0000746250	3.8281874657
522.3518767357	1.0000839233	3.8285496235
523.3519339561	1.0000844002	3.8289234638
524.3519911766	1.0000774860	3.8292827606
525.3520483971	1.0000785589	3.8296415806
526.3521056175	1.0000785589	3.8299891949
527.3521628380	1.0000820160	3.8303546906
528.3522200584	1.0000792742	3.8307247162
529.3522772789	1.0000761747	3.8310728073
530.3523344994	1.0000830889	3.8314361572
531.3523917198	1.0000799894	3.8317792416
532.3524489403	1.0000778437	3.8321366310
533.3525061607	1.0000766516	3.8325126171
534.3525633812	1.0000768900	3.8328619003
535.3526206017	1.0000823736	3.8332214355
536.3526778221	1.0000824928	3.8335826397
537.3517346382	1.0000793934	3.8339455128
538.3517918587	1.0000811815	3.8343043327
539.3518490791	1.0000752211	3.8346629143
540.3519062996	1.0000766516	3.8350124359
541.3519635201	1.0000789165	3.8353681564
542.3520207405	1.0000829697	3.8357374668
543.3520779610	1.0000783205	3.8360922337
544.3521351814	1.0000737906	3.8364555836
545.3521924019	1.0000754595	3.8368022442
546.3522496223	1.0000770092	3.8371415138
547.3523068428	1.0000804663	3.8374896049
548.3523640633	1.0000792742	3.8378558159
549.3524212837	1.0000768900	3.8382151127
550.3524785042	1.0000765324	3.8385806084
551.3525357246	1.0000799894	3.8389239311
552.3525929451	1.0000783205	3.8392717838
553.3526501656	1.0000772476	3.8396265507
554.3517074585	1.0000826120	3.8399715424
555.3517646790	1.0000725985	3.8403196335
556.3518218994	1.0000755787	3.8406829834
557.3518786430	1.0000798702	3.8410246372
558.3519358635	1.0000811815	3.8413763046
559.3519930840	1.0000751019	3.8417325020
560.3520503044	1.0000758171	3.8420846462
561.3521075249	1.0000844002	3.8424434662
562.3521647453	1.0000844002	3.8427963257
563.3522219658	1.0000793934	3.8431353569
564.3522791862	1.0000816584	3.8434882164
565.3523364067	1.0000789165	3.8438482285
566.3523936272	1.0000841618	3.8442137241
567.3524508476	1.0000793934	3.8445441723
568.3525080681	1.0000755787	3.8448889256
569.3525652885	1.0000758171	3.8452327251
570.3526225090	1.0000836849	3.8455784321
571.3526797295	1.0000835657	3.8459410667
572.3517365456	1.0000853539	3.8463022709
573.3517942429	1.0000754595	3.8466458321
574.3518509865	1.0000801086	3.8469760418
575.3519086838	1.0000816584	3.8473417759
576.3519654274	1.0000799894	3.8476874828
577.3520226479	1.0000786781	3.8480546474
578.3520798683	1.0000790358	3.8483984470
579.3521370888	1.0000807047	3.8487389088
580.3521938324	1.0000785589	3.8490955830
581.3522515297	1.0000807047	3.8494534492
582.3523082733	1.0000811815	3.8498044014
583.3523659706	1.0000754595	3.8501470089
584.3524227142	1.0000762939	3.8504853249
585.3524804115	1.0000786781	3.8508288860
586.3525371552	1.0000849962	3.8511745930
587.3525948524	1.0000842810	3.8515360355
588.3526515961	1.0000802279	3.8518762589
589.3517088890	1.0000805855	3.8522219658
590.3517661095	1.0000839233	3.8525676727
591.3518233299	1.0000839233	3.8529117107
592.3518805504	1.0000782013	3.8532750607
593.3519377708	1.0000760555	3.8536050320
594.3519949913	1.0000817776	3.8539414406
595.3520522118	1.0000803471	3.8542969227
596.3521094322	1.0000741482	3.8546438217
597.3521666527	1.0000767708	3.8549892902
598.3522238731	1.0000785589	3.8553283215
599.3522810936	1.0000791550	3.8556866646
600.3523378372	1.0000746250	3.8560211658
601.3523950577	1.0000746250	3.8563673496
602.3524522781	1.0000797510	3.8566970825
603.3525094986	1.0000807047	3.8570475578
604.3525667191	1.0000758171	3.8573858738
605.3526239395	1.0000767708	3.8577454090
606.3526811600	1.0000714064	3.8580737114
607.3517384529	1.0000787973	3.8584096432
608.3517956734	1.0000751019	3.8587760925
609.3518528938	1.0000683069	3.8591184616
610.3519101143	1.0000782013	3.8594360352
611.3519673347	1.0000807047	3.8597762585
612.3520245552	1.0000756979	3.8601269722
613.3520817757	1.0000762939	3.8604767323
614.3521389961	1.0000715256	3.8608031273
615.3521962166	1.0000772476	3.8611428738
616.3522534370	1.0000789165	3.8614864349
617.3523106575	1.0000747442	3.8618340492
618.3523678780	1.0000735521	3.8621711731
619.3524250984	1.0000702143	3.8625075817
620.3524818420	1.0000817776	3.8628585339
621.3525390625	1.0000765324	3.8631908894
622.3525962830	1.0000706911	3.8635292053
623.3526535034	1.0000689030	3.8638620377
624.3517107964	1.0000724792	3.8641812801
625.3517680168	1.0000741482	3.8645260334
626.3518252373	1.0000776052	3.8648777008
627.3518824577	1.0000683069	3.8652062416
628.3519396782	1.0000706911	3.8655328751
629.3519968987	1.0000711679	3.8658704758
630.3520541191	1.0000697374	3.8662030697
631.3521113396	1.0000698566	3.8665564060
632.3521685600	1.0000680685	3.8668999672
633.3522257805	1.0000690222	3.8672208786
634.3522830009	1.0000777245	3.8675670624
635.3523402214	1.0000733137	3.8679108620
636.3523974419	1.0000739098	3.8682324886
637.3524546623	1.0000759363	3.8685548306
638.3525118828	1.0000795126	3.8688955307
639.3525691032	1.0000735521	3.8692195415
640.3526258469	1.0000730753	3.8695387840
641.3526830673	1.0000779629	3.8698766232
642.3517403603	1.0000798702	3.8702158928
643.3517975807	1.0000751019	3.8705513477
644.3518548012	1.0000791550	3.8708825111
645.3519120216	1.0000780821	3.8712103367
646.3519692421	1.0000768900	3.8715474606
647.3520264626	1.0000727177	3.8718717098
648.3520836830	1.0000779629	3.8721992970
649.3521409035	1.0000803471	3.8725285530
650.3521981239	1.0000792742	3.8728582859
651.3522553444	1.0000715256	3.8731896877
652.3523125648	1.0000712872	3.8735234737
653.3523697853	1.0000731945	3.8738327026
654.3524270058	1.0000764132	3.8741772175
655.3524842262	1.0000774860	3.8744993210
656.3525414467	1.0000793934	3.8748302460
657.3525986671	1.0000803471	3.8751542568
658.3526558876	1.0000816584	3.8754823208
659.3517127037	1.0000807047	3.8758184910
660.3517699242	1.0000776052	3.8761384487
661.3518271446	1.0000765324	3.8764808178
662.3518843651	1.0000720024	3.8767969608
663.3519415855	1.0000706911	3.8771295547
664.3519988060	1.0000814199	3.8774461746
665.3520560265	1.0000762939	3.8777718544
666.3521132469	1.0000774860	3.8780663013
667.3521704674	1.0000753403	3.8784160614
668.3522276878	1.0000747442	3.8787324429
669.3522849083	1.0000777245	3.8790564537
670.3523421288	1.0000706911	3.8793704510
671.3523993492	1.0000660419	3.8797032833
672.3524565697	1.0000740290	3.8800232410
673.3525137901	1.0000759363	3.8803369999
674.3525710106	1.0000715256	3.8806695938
675.3526282310	1.0000677109	3.8809871674
676.3526854515	1.0000760555	3.8813045025
677.3517422676	1.0000770092	3.8816268444
678.3517994881	1.0000720024	3.8819422722
679.3518567085	1.0000675917	3.8822662830
680.3519139290	1.0000723600	3.8825793266
681.3519711494	1.0000731945	3.8828809261
682.3520283699	1.0000690222	3.8832209110
683.3520855904	1.0000755787	3.8835096359
684.3521428108	1.0000706911	3.8838438988
685.3522000313	1.0000751019	3.8841574192
686.3522572517	1.0000743866	3.8844847679
687.3523144722	1.0000706911	3.8847901821
688.3523716927	1.0000725985	3.8851053715
689.3524289131	1.0000727177	3.8854131699
690.3524861336	1.0000728369	3.8857338428
691.3525433540	1.0000751019	3.8860411644
692.3526005745	1.0000743866	3.8863508701
693.3526577950	1.0000740290	3.8866612911
694.3517150879	1.0000728369	3.8869776726
695.3517718315	1.0000661612	3.8872711658
696.3518290520	1.0000693798	3.8875772953
697.3518862724	1.0000724792	3.8878929615
698.3519434929	1.0000693798	3.8882057667
699.3520002365	1.0000654459	3.8885126114
700.3520579338	1.0000706911	3.8888192177
701.3521146774	1.0000737906	3.8891332150
702.3521723747	1.0000711679	3.8894507885
703.3522291183	1.0000685453	3.8897557259
704.3522868156	1.0000751019	3.8900692463
705.3523435593	1.0000742674	3.8903672695
706.3524012566	1.0000705719	3.8906774521
707.3524580002	1.0000654459	3.8909716606
708.3525156975	1.0000672340	3.8912742138
709.3525724411	1.0000692606	3.8915750980
710.3526301384	1.0000662804	3.8918609619
711.3526868820	1.0000711679	3.8921623230
712.3517441750	1.0000690222	3.8924720287
713.3518013954	1.0000737906	3.8927724361
714.3518586159	1.0000659227	3.8930706978
715.3519158363	1.0000741482	3.8933618069
716.3519730568	1.0000706911	3.8936657906
717.3520302773	1.0000693798	3.8939542770
718.3520874977	1.0000709295	3.8942670822
719.3521442413	1.0000751019	3.8945376873
720.3522014618	1.0000746250	3.8948333263
721.3522586823	1.0000696182	3.8951377869
722.3523159027	1.0000684261	3.8954253197
723.3523731232	1.0000728369	3.8957035542
724.3524303436	1.0000715256	3.8960111141
725.3524875641	1.0000665188	3.8962936401
726.3525447845	1.0000728369	3.8965759277
727.3526020050	1.0000722408	3.8968722820
728.3526592255	1.0000678301	3.8971724510
729.3517165184	1.0000703335	3.8974308968
730.3517737389	1.0000785589	3.8977508545
731.3518309593	1.0000705719	3.8980209827
732.3518881798	1.0000715256	3.8983159065
733.3519454002	1.0000714064	3.8985924721
734.3520026207	1.0000692606	3.8988592625
735.3520598412	1.0000718832	3.8991568089
736.3521170616	1.0000649691	3.8994302750
737.3521742821	1.0000717640	3.8997051716
738.3522315025	1.0000728369	3.8999934196
739.3522882462	1.0000724792	3.9002692699
740.3523454666	1.0000720024	3.9005405903
741.3524026871	1.0000759363	3.9008133411
742.3524599075	1.0000715256	3.9010908604
743.3525171280	1.0000728369	3.9013671875
744.3525743484	1.0000694990	3.9016327858
745.3526315689	1.0000793934	3.9019093513
746.3526887894	1.0000721216	3.9021728039
747.3517460823	1.0000711679	3.9024519920
748.3518033028	1.0000758171	3.9027216434
749.3518605232	1.0000711679	3.9029855728
750.3519177437	1.0000745058	3.9032611847
751.3519749641	1.0000733137	3.9035284519
752.3520321846	1.0000720024	3.9038031101
753.3520894051	1.0000733137	3.9040601254
754.3521466255	1.0000710487	3.9043302536
755.3522038460	1.0000720024	3.9045836926
756.3522610664	1.0000729561	3.9048426151
757.3523182869	1.0000782013	3.9051415920
758.3523750305	1.0000735521	3.9053776264
759.3524322510	1.0000751019	3.9056344032
760.3524894714	1.0000746250	3.9059045315
761.3525466919	1.0000717640	3.9061625004
762.3526039124	1.0000754595	3.9064097404
763.3526611328	1.0000792742	3.9066777229
764.3517184258	1.0000772476	3.9069144726
765.3517756462	1.0000741482	3.9071602821
766.3518328667	1.0000791550	3.9074130058
767.3518900871	1.0000751019	3.9076704979
768.3519473076	1.0000703335	3.9079027176
769.3520045280	1.0000827312	3.9081726074
770.3520617485	1.0000832081	3.9084050655
771.3521189690	1.0000777245	3.9086620808
772.3521761894	1.0000759363	3.9089164734
773.3522334099	1.0000789165	3.9091522694
774.3522906303	1.0000872612	3.9094185829
775.3523478508	1.0000754595	3.9096522331
776.3524050713	1.0000816584	3.9098722935
777.3524622917	1.0000807047	3.9101305008
778.3525190353	1.0000735521	3.9103677273
779.3525762558	1.0000765324	3.9105985165
780.3526334763	1.0000770092	3.9108293056
781.3526906967	1.0000751019	3.9110643864
782.3517479897	1.0000759363	3.9112982750
783.3518052101	1.0000711679	3.9115419388
784.3518624306	1.0000790358	3.9117739201
785.3519196510	1.0000764132	3.9120118618
786.3519768715	1.0000761747	3.9122443199
787.3520340919	1.0000747442	3.9124605656
788.3520913124	1.0000770092	3.9126970768
789.3521485329	1.0000742674	3.9129424095
790.3522057533	1.0000777245	3.9131827354
791.3522629738	1.0000795126	3.9133930206
792.3523201942	1.0000705719	3.9136118889
793.3523774147	1.0000725985	3.9138472080
794.3524346352	1.0000799894	3.9140620232
795.3524918556	1.0000833273	3.9142861366
796.3525490761	1.0000760555	3.9144999981
797.3526062965	1.0000770092	3.9147326946
798.3526630402	1.0000832081	3.9149589539
799.3517203331	1.0000808239	3.9151954651
800.3517775536	1.0000754595	3.9153985977
801.3518347740	1.0000756979	3.9156258106
802.3518919945	1.0000767708	3.9158349037
803.3519492149	1.0000805855	3.9160461426
804.3520064354	1.0000764132	3.9162716866
805.3520636559	1.0000724792	3.9164850712
806.3521208763	1.0000801086	3.9166920185
807.3521780968	1.0000820160	3.9169092178
808.3522353172	1.0000801086	3.9171152115
809.3522925377	1.0000767708	3.9173340797
810.3523497581	1.0000761747	3.9175386429
811.3524069786	1.0000824928	3.9177396297
812.3524641991	1.0000777245	3.9179577827
813.3525214195	1.0000747442	3.9181632996
814.3525786400	1.0000833273	3.9183611870
815.3526358604	1.0000728369	3.9185740948
816.3516926765	1.0000683069	3.9187893867
817.3517498970	1.0000742674	3.9189779758
818.3518066406	1.0000793934	3.9191963673
819.3518643379	1.0000751019	3.9194037914
820.3519210815	1.0000737906	3.9195933342
821.3519787788	1.0000760555	3.9197902679
822.3520355225	1.0000802279	3.9199976921
823.3520932198	1.0000699759	3.9201958179
824.3521499634	1.0000745058	3.9203979969
825.3522076607	1.0000747442	3.9205951691
826.3522644043	1.0000723600	3.9207923412
827.3523221016	1.0000728369	3.9210011959
828.3523788452	1.0000681877	3.9211804867
829.3524365425	1.0000741482	3.9213771820
830.3524932861	1.0000725985	3.9215741158
831.3525509834	1.0000672340	3.9217724800
832.3526077271	1.0000733137	3.9219598770
833.3526654243	1.0000748634	3.9221518040
834.3517222404	1.0000767708	3.9223468304
835.3517794609	1.0000685453	3.9225296974
836.3518366814	1.0000766516	3.9227142334
837.3518939018	1.0000753403	3.9229171276
838.3519506454	1.0000667572	3.9230771065
839.3520078659	1.0000728369	3.9232897758
840.3520650864	1.0000731945	3.9234540462
841.3521223068	1.0000720024	3.9236400127
842.3521795273	1.0000760555	3.9238331318
843.3522367477	1.0000783205	3.9240086079
844.3522939682	1.0000709295	3.9242036343
845.3523511887	1.0000704527	3.9243760109
846.3524084091	1.0000731945	3.9245624542
847.3524656296	1.0000731945	3.9247419834
848.3525228500	1.0000725985	3.9249265194
849.3525800705	1.0000716448	3.9250986576
850.3526372910	1.0000793934	3.9252970219
851.3516945839	1.0000756979	3.9254701138
852.3517518044	1.0000741482	3.9256517887
853.3518090248	1.0000734329	3.9258439541
854.3518662453	1.0000762939	3.9259996414
855.3519234657	1.0000737906	3.9261829853
856.3519806862	1.0000760555	3.9263544083
857.3520374298	1.0000810623	3.9265489578
858.3520946503	1.0000786781	3.9267334938
859.3521518707	1.0000720024	3.9269037247
860.3522090912	1.0000748634	3.9270653725
861.3522663116	1.0000785589	3.9272224903
862.3523235321	1.0000751019	3.9274377823
863.3523807526	1.0000768900	3.9275956154
864.3524379730	1.0000799894	3.9277520180
865.3524951935	1.0000771284	3.9279279709
866.3525524139	1.0000728369	3.9281015396
867.3526096344	1.0000747442	3.9282557964
868.3526668549	1.0000733137	3.9284365177
869.3517241478	1.0000783205	3.9286231995
870.3517813683	1.0000727177	3.9287626743
871.3518385887	1.0000727177	3.9289267063
872.3518958092	1.0000772476	3.9290950298
873.3519530296	1.0000755787	3.9292716980
874.3520102501	1.0000766516	3.9294307232
875.3520674706	1.0000773668	3.9296092987
876.3521246910	1.0000785589	3.9297831059
877.3521814346	1.0000822544	3.9299347401
878.3522386551	1.0000786781	3.9301114082
879.3522958755	1.0000755787	3.9302737713
880.3523530960	1.0000759363	3.9304244518
881.3524103165	1.0000764132	3.9305891991
882.3524675369	1.0000749826	3.9307401180
883.3525247574	1.0000741482	3.9309079647
884.3525819778	1.0000747442	3.9310703278
885.3526391983	1.0000720024	3.9312291145
886.3516964912	1.0000747442	3.9313814640
887.3517537117	1.0000780821	3.9315516949
888.3518109322	1.0000736713	3.9317100048
889.3518681526	1.0000715256	3.9318656921
890.3519253731	1.0000772476	3.9320263863
891.3519825935	1.0000792742	3.9321963787
892.3520398140	1.0000758171	3.9323585033
893.3520970345	1.0000734329	3.9325177670
894.3521542549	1.0000745058	3.9326488972
895.3522114754	1.0000779629	3.9328427315
896.3522686958	1.0000724792	3.9329795837
897.3523254395	1.0000694990	3.9331367016
898.3523826599	1.0000741482	3.9332995415
899.3524398804	1.0000767708	3.9334475994
900.3524971008	1.0000767708	3.9336040020
901.3525543213	1.0000628233	3.9337582588
902.3526115417	1.0000685453	3.9339160919
903.3526687622	1.0000743866	3.9340794086
904.3517260551	1.0000797510	3.9342124462
905.3517832756	1.0000667572	3.9343726635
906.3518404961	1.0000685453	3.9345264435
907.3518977165	1.0000677109	3.9346702099
908.3519549370	1.0000679493	3.9348225594
909.3520121574	1.0000650883	3.9349725246
910.3520693779	1.0000689030	3.9351243973
911.3521265984	1.0000700951	3.9352719784
912.3521838188	1.0000662804	3.9354271889
913.3522410393	1.0000663996	3.9355547428
914.3522982597	1.0000609159	3.9357182980
915.3523554802	1.0000660419	3.9358503819
916.3524127007	1.0000679493	3.9360270500
917.3524694443	1.0000654459	3.9361577034
918.3525266647	1.0000659227	3.9363031387
919.3525838852	1.0000724792	3.9364514351
920.3526411057	1.0000678301	3.9366018772
921.3516983986	1.0000685453	3.9367530346
922.3517556190	1.0000736713	3.9369044304
923.3518128395	1.0000746250	3.9370462894
924.3518700600	1.0000697374	3.9371757507
925.3519272804	1.0000731945	3.9373273849
926.3519845009	1.0000733137	3.9374573231
927.3520417213	1.0000723600	3.9376249313
928.3520989418	1.0000720024	3.9377710819
929.3521561623	1.0000740290	3.9379062653
930.3522133827	1.0000731945	3.9380345345
931.3522706032	1.0000660419	3.9381952286
932.3523278236	1.0000754595	3.9383220673
933.3523850441	1.0000759363	3.9384682178
934.3524422646	1.0000672340	3.9386048317
935.3524994850	1.0000749826	3.9387369156
936.3525562286	1.0000782013	3.9388971329
937.3526134491	1.0000745058	3.9390246868
938.3526706696	1.0000752211	3.9391670227
939.3517274857	1.0000728369	3.9393086433
940.3517851830	1.0000725985	3.9394450188
941.3518419266	1.0000789165	3.9395744801
942.3518996239	1.0000706911	3.9397215843
943.3519563675	1.0000733137	3.9398636818
944.3520140648	1.0000773668	3.9399969578
945.3520708084	1.0000767708	3.9401421547
946.3521285057	1.0000734329	3.9402735233
947.3521852493	1.0000712872	3.9404115677
948.3522429466	1.0000789165	3.9405536652
949.3522996902	1.0000739098	3.9406890869
950.3523573875	1.0000680685	3.9408369064
951.3524141312	1.0000751019	3.9409663677
952.3524718285	1.0000756979	3.9411120415
953.3525285721	1.0000759363	3.9412317276
954.3525862694	1.0000692606	3.9413623810
955.3526430130	1.0000758171	3.9414954185
956.3516998291	1.0000782013	3.9416232109
957.3517570496	1.0000751019	3.9417436123
958.3518142700	1.0000749826	3.9419097900
959.3518714905	1.0000741482	3.9420301914
960.3519287109	1.0000709295	3.9421534538
961.3519859314	1.0000774860	3.9422869682
962.3520431519	1.0000789165	3.9424273968
963.3521003723	1.0000727177	3.9425806999
964.3521575928	1.0000754595	3.9426851273
965.3522148132	1.0000710487	3.9428062439
966.3522720337	1.0000776052	3.9429557323
967.3523292542	1.0000786781	3.9430799484
968.3523864746	1.0000782013	3.9432182312
969.3524436951	1.0000762939	3.9433526993
970.3525009155	1.0000753403	3.9434895515
971.3525581360	1.0000793934	3.9436175823
972.3526153564	1.0000777245	3.9437325001
973.3526725769	1.0000790358	3.9438738823
974.3517298698	1.0000753403	3.9440119267
975.3517870903	1.0000733137	3.9441318512
976.3518438339	1.0000725985	3.9442620277
977.3519010544	1.0000765324	3.9443924427
978.3519582748	1.0000720024	3.9445223808
979.3520154953	1.0000766516	3.9446597099
980.3520727158	1.0000667572	3.9447760582
981.3521299362	1.0000753403	3.9448962212
982.3521871567	1.0000793934	3.9450137615
983.3522443771	1.0000754595	3.9451425076
984.3523015976	1.0000761747	3.9452884197
985.3523588181	1.0000764132	3.9454100132
986.3524160385	1.0000723600	3.9455139637
987.3524732590	1.0000773668	3.9456520081
988.3525304794	1.0000782013	3.9457814693
989.3525876999	1.0000742674	3.9459159374
990.3526449203	1.0000768900	3.9460277557
991.3517022133	1.0000772476	3.9461464882
992.3517594337	1.0000816584	3.9462759495
993.3518166542	1.0000765324	3.9464113712
994.3518738747	1.0000745058	3.9465460777
995.3519310951	1.0000780821	3.9466578960
996.3519878387	1.0000720024	3.9467890263
997.3520450592	1.0000770092	3.9469075203
998.3521022797	1.0000784397	3.9470460415
999.3521595001	1.0000770092	3.9471619129
1000.3522167206	1.0000760555	3.9472813606
1001.3522739410	1.0000711679	3.9474096298
1002.3523311615	1.0000753403	3.9475290775
1003.3523883820	1.0000737906	3.9476454258
1004.3524456024	1.0000789165	3.9477615356
1005.3525028229	1.0000807047	3.9478893280
1006.3525600433	1.0000685453	3.9480118752
1007.3526172638	1.0000722408	3.9481468201
1008.3526744843	1.0000772476	3.9482569695
1009.3517317772	1.0000718832	3.9483845234
1010.3517889977	1.0000718832	3.9484970570
1011.3518462181	1.0000743866	3.9486107826
1012.3519034386	1.0000734329	3.9487493038
1013.3519606590	1.0000715256	3.9488525391
1014.3520178795	1.0000709295	3.9489581585
1015.3520750999	1.0000784397	3.9491009712
1016.3521318436	1.0000815392	3.9492170811
1017.3521890640	1.0000711679	3.9493243694
1018.3522462845	1.0000777245	3.9494700432
1019.3523035049	1.0000761747	3.9495811462
1020.3523607254	1.0000689030	3.9496974945
1021.3524179459	1.0000752211	3.9498250484
1022.3524751663	1.0000798702	3.9499416351
1023.3525323868	1.0000749826	3.9500694275
1024.3525896072	1.0000798702	3.9501888752
1025.3526468277	1.0000791550	3.9502902031
1026.3517041206	1.0000822544	3.9504003525
1027.3517613411	1.0000807047	3.9505522251
1028.3518185616	1.0000782013	3.9506611824
1029.3518757820	1.0000767708	3.9507644176
1030.3519330025	1.0000829697	3.9508900642
1031.3519902229	1.0000752211	3.9510185719
1032.3520474434	1.0000733137	3.9511141777
1033.3521046638	1.0000737906	3.9512367249
1034.3521618843	1.0000780821	3.9513599873
1035.3522186279	1.0000772476	3.9514894485
1036.3522758484	1.0000745058	3.9515957832
1037.3523330688	1.0000801086	3.9517154694
1038.3523902893	1.0000805855	3.9518320560
1039.3524475098	1.0000784397	3.9519510269
1040.3525047302	1.0000821352	3.9520666599
1041.3525619507	1.0000821352	3.9521763325
1042.3526191711	1.0000792742	3.9523007870
1043.3526763916	1.0000731945	3.9524123669
1044.3517336845	1.0000772476	3.9525215626
1045.3517909050	1.0000787973	3.9526462555
1046.3518481255	1.0000777245	3.9527692795
1047.3519053459	1.0000733137	3.9528794289
1048.3519625664	1.0000795126	3.9529893398
1049.3520197868	1.0000793934	3.9531109333
1050.3520770073	1.0000811815	3.9532210827
1051.3521342278	1.0000797510	3.9533410072
1052.3521914482	1.0000758171	3.9534382820
1053.3522486687	1.0000834465	3.9535617828
1054.3523058891	1.0000747442	3.9536614418
1055.3523626328	1.0000772476	3.9537911415
1056.3524198532	1.0000808239	3.9539129734
1057.3524770737	1.0000782013	3.9540112019
1058.3525342941	1.0000845194	3.9541268349
1059.3525915146	1.0000814199	3.9542436600
1060.3526487350	1.0000779629	3.9543592930
1061.3517060280	1.0000802279	3.9544618130
1062.3517627716	1.0000791550	3.9545865059
1063.3518204689	1.0000778437	3.9547090530
1064.3518772125	1.0000777245	3.9548239708
1065.3519349098	1.0000802279	3.9549288750
1066.3519916534	1.0000804663	3.9550354481
1067.3520493507	1.0000784397	3.9551594257
1068.3521060944	1.0000772476	3.9552516937
1069.3521637917	1.0000783205	3.9553744793
1070.3522205353	1.0000767708	3.9554808140
1071.3522782326	1.0000751019	3.9555807114
1072.3523349762	1.0000784397	3.9557082653
1073.3523926735	1.0000811815	3.9558205605
1074.3524494171	1.0000723600	3.9559285641
1075.3525066376	1.0000784397	3.9560368061
1076.3525638580	1.0000791550	3.9561517239
1077.3526210785	1.0000764132	3.9562721252
1078.3526782990	1.0000722408	3.9563796520
1079.3517351151	1.0000702143	3.9564993382
1080.3517923355	1.0000807047	3.9566018581
1081.3518495560	1.0000789165	3.9567286968
1082.3519067764	1.0000777245	3.9568240643
1083.3519639969	1.0000748634	3.9569475651
1084.3520212173	1.0000787973	3.9570553303
1085.3520784378	1.0000767708	3.9571552277
1086.3521356583	1.0000787973	3.9572775364
1087.3521928787	1.0000731945	3.9573733807
1088.3522500992	1.0000787973	3.9574973583
1089.3523073196	1.0000777245	3.9576139450
1090.3523645401	1.0000724792	3.9577260017
1091.3524217606	1.0000789165	3.9578149319
1092.3524789810	1.0000785589	3.9579434395
1093.3525362015	1.0000653267	3.9580440521
1094.3525934219	1.0000725985	3.9581584930
1095.3526506424	1.0000797510	3.9582688808
1096.3517074585	1.0000716448	3.9583771229
1097.3517646790	1.0000749826	3.9584856033
1098.3518218994	1.0000780821	3.9585914612
1099.3518791199	1.0000754595	3.9587130547
1100.3519363403	1.0000675917	3.9587979317
1101.3519935608	1.0000743866	3.9589140415
1102.3520507813	1.0000760555	3.9590263367
1103.3521080017	1.0000743866	3.9591317177
1104.3521652222	1.0000768900	3.9592373371
1105.3522224426	1.0000755787	3.9593570232
1106.3522796631	1.0000785589	3.9594583511
1107.3523368835	1.0000810623	3.9595685005
1108.3523941040	1.0000780821	3.9596807957
1109.3524513245	1.0000773668	3.9597682953
1110.3525085449	1.0000786781	3.9599044323
1111.3525657654	1.0000702143	3.9599969387
1112.3526229858	1.0000818968	3.9600934982
1113.3526802063	1.0000787973	3.9602241516
1114.3517374992	1.0000722408	3.9602947235
1115.3517942429	1.0000793934	3.9604108334
1116.3518514633	1.0000762939	3.9605231285
1117.3519086838	1.0000754595	3.9606370926
1118.3519659042	1.0000698566	3.9607281685
1119.3520231247	1.0000746250	3.9608368874
1120.3520803452	1.0000790358	3.9609785080
1121.3521375656	1.0000746250	3.9610488415
1122.3521947861	1.0000730753	3.9611606598
1123.3522520065	1.0000746250	3.9612774849
1124.3523092270	1.0000767708	3.9614036083
1125.3523664474	1.0000745058	3.9615054131
1126.3524236679	1.0000799894	3.9616014957
1127.3524808884	1.0000722408	3.9617013931
1128.3525381088	1.0000725985	3.9618244171
1129.3525953293	1.0000706911	3.9619181156
1130.3526525497	1.0000759363	3.9620242119
1131.3517098427	1.0000749826	3.9621267319
1132.3517670631	1.0000700951	3.9622375965
1133.3518242836	1.0000714064	3.9623510838
1134.3518810272	1.0000706911	3.9624497890
1135.3519382477	1.0000685453	3.9625818729
1136.3519954681	1.0000742674	3.9626615047
1137.3520526886	1.0000674725	3.9627711773
1138.3521099091	1.0000693798	3.9628674984
1139.3521671295	1.0000711679	3.9629886150
1140.3522243500	1.0000729561	3.9630863667
1141.3522815704	1.0000754595	3.9632060528
1142.3523387909	1.0000741482	3.9633054733
1143.3523960114	1.0000702143	3.9634196758
1144.3524532318	1.0000746250	3.9635193348
1145.3525104523	1.0000733137	3.9636156559
1146.3525676727	1.0000700951	3.9637236595
1147.3526248932	1.0000778437	3.9638328552
1148.3526821136	1.0000746250	3.9639461040
1149.3517394066	1.0000702143	3.9640438557
1150.3517966270	1.0000660419	3.9641442299
1151.3518538475	1.0000681877	3.9642481804
1152.3519110680	1.0000731945	3.9643619061
1153.3519682884	1.0000702143	3.9644718170
1154.3520250320	1.0000686646	3.9645745754
1155.3520822525	1.0000733137	3.9646739960
1156.3521394730	1.0000690222	3.9647855759
1157.3521966934	1.0000689030	3.9648823738
1158.3522539139	1.0000776052	3.9649934769
1159.3523111343	1.0000755787	3.9650931358
1160.3523683548	1.0000705719	3.9652028084
1161.3524255753	1.0000737906	3.9653067589
1162.3524827957	1.0000756979	3.9654073715
1163.3525400162	1.0000709295	3.9655201435
1164.3525972366	1.0000672340	3.9655897617
1165.3526544571	1.0000770092	3.9657123089
1166.3517117500	1.0000755787	3.9658167362
1167.3517689705	1.0000724792	3.9659256935
1168.3518261909	1.0000765324	3.9660196304
1169.3518834114	1.0000733137	3.9661328793
1170.3519406319	1.0000745058	3.9662356377
1171.3519978523	1.0000765324	3.9663560390
1172.3520550728	1.0000755787	3.9664454460
1173.3521122932	1.0000716448	3.9665570259
1174.3521690369	1.0000792742	3.9666543007
1175.3522262573	1.0000741482	3.9667661190
1176.3522834778	1.0000716448	3.9668462276
1177.3523406982	1.0000813007	3.9669561386
1178.3523979187	1.0000790358	3.9670736790
1179.3524551392	1.0000797510	3.9671680927
1180.3525123596	1.0000773668	3.9672541618
1181.3525695801	1.0000746250	3.9673759937
1182.3526268005	1.0000797510	3.9674804211
1183.3526840210	1.0000816584	3.9675889015
1184.3517413139	1.0000836849	3.9676742554
1185.3517980576	1.0000767708	3.9677836895
1186.3518557549	1.0000731945	3.9678726196
1187.3519124985	1.0000787973	3.9679870605
1188.3519701958	1.0000755787	3.9680960178
1189.3520269394	1.0000767708	3.9681880474
1190.3520846367	1.0000791550	3.9682991505
1191.3521413803	1.0000767708	3.9684147835
1192.3521990776	1.0000767708	3.9685068130
1193.3522558212	1.0000780821	3.9685873985
1194.3523130417	1.0000774860	3.9687089920
1195.3523702621	1.0000770092	3.9688298702
1196.3524274826	1.0000803471	3.9689207077
1197.3524847031	1.0000802279	3.9690179825
1198.3525419235	1.0000833273	3.9691367149
1199.3525986671	1.0000780821	3.9692156315
1200.3526563644	1.0000824928	3.9693186283
1201.3517131805	1.0000790358	3.9694168568
1202.3517704010	1.0000761747	3.9695384502
1203.3518276215	1.0000739098	3.9696211815
1204.3518848419	1.0000796318	3.9697253704
1205.3519420624	1.0000777245	3.9698379040
1206.3519992828	1.0000748634	3.9699285030
1207.3520565033	1.0000709295	3.9700269699
1208.3521137238	1.0000737906	3.9701216221
1209.3521709442	1.0000764132	3.9702293873
1210.3522281647	1.0000742674	3.9703347683
1211.3522853851	1.0000780821	3.9704425335
1212.3523426056	1.0000810623	3.9705302715
1213.3523998260	1.0000729561	3.9706330299
1214.3524570465	1.0000745058	3.9707210064
1215.3525142670	1.0000758171	3.9708197117
1216.3525714874	1.0000793934	3.9709265232
1217.3526282310	1.0000761747	3.9710211754
1218.3526854515	1.0000764132	3.9711198807
1219.3517427444	1.0000777245	3.9712224007
1220.3517999649	1.0000755787	3.9713335037
1221.3518571854	1.0000697374	3.9714403152
1222.3519144058	1.0000764132	3.9715278149
1223.3519716263	1.0000787973	3.9716331959
1224.3520288467	1.0000764132	3.9717237949
1225.3520860672	1.0000780821	3.9718360901
1226.3521432877	1.0000768900	3.9719426632
1227.3522005081	1.0000789165	3.9720325470
1228.3522577286	1.0000720024	3.9721317291
1229.3523149490	1.0000767708	3.9722373486
1230.3523721695	1.0000728369	3.9723439217
1231.3524293900	1.0000725985	3.9724273682
1232.3524866104	1.0000727177	3.9725291729
1233.3525438309	1.0000724792	3.9726345539
1234.3526010513	1.0000749826	3.9727349281
1235.3526582718	1.0000751019	3.9728512764
1236.3517150879	1.0000724792	3.9729406834
1237.3517723083	1.0000716448	3.9730422497
1238.3518295288	1.0000706911	3.9731516838
1239.3518867493	1.0000779629	3.9732317924
1240.3519439697	1.0000787973	3.9733407497
1241.3520011902	1.0000755787	3.9734327793
1242.3520584106	1.0000848770	3.9735431671
1243.3521156311	1.0000793934	3.9736506939
1244.3521728516	1.0000784397	3.9737415314
1245.3522300720	1.0000768900	3.9738376141
1246.3522872925	1.0000789165	3.9739477634
1247.3523445129	1.0000731945	3.9740557671
1248.3524017334	1.0000782013	3.9741365910
1249.3524589539	1.0000820160	3.9742429256
1250.3525161743	1.0000743866	3.9743335247
1251.3525733948	1.0000755787	3.9744222164
1252.3526306152	1.0000749826	3.9745416641
1253.3526878357	1.0000745058	3.9746429920
1254.3517446518	1.0000754595	3.9747257233
1255.3518018723	1.0000745058	3.9748136997
1256.3518590927	1.0000754595	3.9749231339
1257.3519163132	1.0000746250	3.9750404358
1258.3519735336	1.0000746250	3.9751241207
1259.3520307541	1.0000765324	3.9752109051
1260.3520879745	1.0000724792	3.9753232002
1261.3521451950	1.0000751019	3.9754283428
1262.3522024155	1.0000793934	3.9755182266
1263.3522596359	1.0000759363	3.9756274223
1264.3523168564	1.0000679493	3.9757232666
1265.3523740768	1.0000729561	3.9758141041
1266.3524312973	1.0000715256	3.9759268761
1267.3524885178	1.0000690222	3.9760181904
1268.3525457382	1.0000724792	3.9761173725
1269.3526029587	1.0000770092	3.9762306213
1270.3526601791	1.0000678301	3.9763329029
1271.3517174721	1.0000702143	3.9764268398
1272.3517746925	1.0000754595	3.9765248299
1273.3518314362	1.0000785589	3.9766314030
1274.3518886566	1.0000724792	3.9767162800
1275.3519458771	1.0000623465	3.9768121243
1276.3520030975	1.0000716448	3.9769158363
1277.3520603180	1.0000730753	3.9770188332
1278.3521175385	1.0000723600	3.9771301746
1279.3521747589	1.0000672340	3.9772200584
1280.3522319794	1.0000674725	3.9772961140
1281.3522891998	1.0000728369	3.9774012566
1282.3523464203	1.0000754595	3.9775037766
1283.3524036407	1.0000742674	3.9776163101
1284.3524608612	1.0000721216	3.9777097702
1285.3525180817	1.0000748634	3.9778153896
1286.3525753021	1.0000746250	3.9779014587
1287.3526325226	1.0000746250	3.9780130386
1288.3526897430	1.0000711679	3.9781143665
1289.3517470360	1.0000733137	3.9782023430
1290.3518042564	1.0000725985	3.9783015251
1291.3518614769	1.0000792742	3.9784033298
1292.3519186974	1.0000739098	3.9785053730
1293.3519754410	1.0000703335	3.9785993099
1294.3520326614	1.0000756979	3.9786798954
1295.3520898819	1.0000740290	3.9788055420
1296.3521471024	1.0000691414	3.9788815975
1297.3522043228	1.0000717640	3.9789805412
1298.3522615433	1.0000694990	3.9790797234
1299.3523187637	1.0000749826	3.9791944027
1300.3523759842	1.0000706911	3.9792752266
1301.3524332047	1.0000748634	3.9793858528
1302.3524904251	1.0000725985	3.9794809818
1303.3525476456	1.0000730753	3.9795737267
1304.3526048660	1.0000780821	3.9796669483
1305.3526620865	1.0000745058	3.9797720909
1306.3517189026	1.0000766516	3.9798734188
1307.3517765999	1.0000755787	3.9799749851
1308.3518333435	1.0000733137	3.9800610542
1309.3518910408	1.0000765324	3.9801704884
1310.3519477844	1.0000733137	3.9802663326
1311.3520054817	1.0000724792	3.9803514481
1312.3520622253	1.0000766516	3.9804384708
1313.3521194458	1.0000725985	3.9805324078
1314.3521766663	1.0000758171	3.9806585312
1315.3522338867	1.0000720024	3.9807426929
1316.3522906303	1.0000737906	3.9808359146
1317.3523483276	1.0000737906	3.9809257984
1318.3524050713	1.0000762939	3.9810335636
1319.3524627686	1.0000774860	3.9811282158
1320.3525195122	1.0000711679	3.9812164307
1321.3525772095	1.0000755787	3.9813055992
1322.3526339531	1.0000797510	3.9813911915
1323.3526916504	1.0000766516	3.9815003872
1324.3517484665	1.0000772476	3.9816019535
1325.3518056870	1.0000698566	3.9816939831
1326.3518629074	1.0000767708	3.9818065166
1327.3519201279	1.0000692606	3.9818942547
1328.3519773483	1.0000683069	3.9819877148
1329.3520345688	1.0000678301	3.9820961952
1330.3520917892	1.0000737906	3.9821751118
1331.3521490097	1.0000696182	3.9822814465
1332.3522062302	1.0000702143	3.9823808670
1333.3522634506	1.0000770092	3.9824686050
1334.3523206711	1.0000749826	3.9825747013
1335.3523778915	1.0000680685	3.9826738834
1336.3524346352	1.0000667572	3.9827623367
1337.3524918556	1.0000698566	3.9828503132
1338.3525490761	1.0000665188	3.9829707146
1339.3526062965	1.0000669956	3.9830634594
1340.3526635170	1.0000689030	3.9831488132
1341.3517208099	1.0000703335	3.9832603931
1342.3517780304	1.0000634193	3.9833483696
1343.3518352509	1.0000623465	3.9834411144
1344.3518924713	1.0000714064	3.9835371971
1345.3519496918	1.0000674725	3.9836344719
1346.3520069122	1.0000609159	3.9837231636
1347.3520641327	1.0000668764	3.9838347435
1348.3521213531	1.0000671148	3.9839169979
1349.3521785736	1.0000659227	3.9840314388
1350.3522357941	1.0000649691	3.9841279984
1351.3522930145	1.0000656843	3.9842331409
1352.3523502350	1.0000720024	3.9843282700
1353.3524074554	1.0000675917	3.9844424725
1354.3524646759	1.0000680685	3.9845287800
1355.3525218964	1.0000721216	3.9846138954
1356.3525786400	1.0000761747	3.9847118855
1357.3526358604	1.0000762939	3.9848210812
1358.3516931534	1.0000761747	3.9849233627
1359.3517503738	1.0000725985	3.9850101471
1360.3518075943	1.0000724792	3.9850928783
1361.3518648148	1.0000715256	3.9851889610
1362.3519220352	1.0000737906	3.9852986336
1363.3519792557	1.0000716448	3.9853789806
1364.3520364761	1.0000717640	3.9854969978
1365.3520936966	1.0000675917	3.9855864048
1366.3521509171	1.0000715256	3.9856917858
1367.3522081375	1.0000742674	3.9857857227
1368.3522653580	1.0000720024	3.9858777523
1369.3523225784	1.0000715256	3.9859807491
1370.3523797989	1.0000679493	3.9860584736
1371.3524370193	1.0000777245	3.9861483574
1372.3524942398	1.0000700951	3.9862661362
1373.3525514603	1.0000668764	3.9863724709
1374.3526086807	1.0000751019	3.9864451885
1375.3526659012	1.0000661612	3.9865345955
1376.3517227173	1.0000668764	3.9866464138
1377.3517799377	1.0000724792	3.9867339134
1378.3518371582	1.0000728369	3.9868316650
1379.3518943787	1.0000723600	3.9869461060
1380.3519515991	1.0000698566	3.9870288372
1381.3520088196	1.0000660419	3.9871287346
1382.3520660400	1.0000693798	3.9872107506
1383.3521232605	1.0000671148	3.9873120785
1384.3521804810	1.0000674725	3.9873921871
1385.3522377014	1.0000677109	3.9875044823
1386.3522949219	1.0000690222	3.9875893593
1387.3523521423	1.0000706911	3.9876728058
1388.3524093628	1.0000673532	3.9877734184
1389.3524665833	1.0000684261	3.9878680706
1390.3525238037	1.0000767708	3.9879639149
1391.3525810242	1.0000711679	3.9880766869
1392.3526382446	1.0000680685	3.9881682396
1393.3516950607	1.0000684261	3.9882583618
1394.3517522812	1.0000759363	3.9883644581
1395.3518095016	1.0000659227	3.9884696007
1396.3518667221	1.0000642538	3.9885458946
1397.3519239426	1.0000756979	3.9886438847
1398.3519811630	1.0000742674	3.9887542725
1399.3520383835	1.0000678301	3.9888548851
1400.3520956039	1.0000734329	3.9889388084
1401.3521528244	1.0000706911	3.9890356064
1402.3522100449	1.0000724792	3.9891405106
1403.3522672653	1.0000759363	3.9892373085
1404.3523244858	1.0000678301	3.9893219471
1405.3523817062	1.0000709295	3.9894101620
1406.3524389267	1.0000767708	3.9894928932
1407.3524961472	1.0000699759	3.9896123409
1408.3525533676	1.0000687838	3.9897136688
1409.3526105881	1.0000725985	3.9897930622
1410.3526678085	1.0000703335	3.9898846149
1411.3517251015	1.0000716448	3.9899795055
1412.3517818451	1.0000659227	3.9900908470
1413.3518390656	1.0000694990	3.9901568890
1414.3518962860	1.0000720024	3.9902653694
1415.3519535065	1.0000656843	3.9903700352
1416.3520107269	1.0000690222	3.9904658794
1417.3520679474	1.0000668764	3.9905488491
1418.3521251678	1.0000702143	3.9906551838
1419.3521823883	1.0000641346	3.9907495975
1420.3522396088	1.0000641346	3.9908344746
1421.3522968292	1.0000678301	3.9909522533
1422.3523540497	1.0000649691	3.9910328388
1423.3524112701	1.0000674725	3.9911282063
1424.3524684906	1.0000754595	3.9912228584
1425.3525257111	1.0000680685	3.9913287163
1426.3525829315	1.0000640154	3.9914023876
1427.3526401520	1.0000654459	3.9915165901
1428.3516974449	1.0000636578	3.9916110039
1429.3517541885	1.0000660419	3.9917018414
1430.3518118858	1.0000717640	3.9918143749
1431.3518686295	1.0000643730	3.9918990135
1432.3519258499	1.0000662804	3.9919967651
1433.3519830704	1.0000689030	3.9920790195
1434.3520402908	1.0000733137	3.9921908379
1435.3520970345	1.0000735521	3.9922828674
1436.3521547318	1.0000659227	3.9923820496
1437.3522114754	1.0000702143	3.9924738407
1438.3522691727	1.0000764132	3.9925816059
1439.3523259163	1.0000689030	3.9926662445
1440.3523836136	1.0000746250	3.9927642345
1441.3524403572	1.0000693798	3.9928469658
1442.3524980545	1.0000671148	3.9929580688
1443.3525547981	1.0000756979	3.9930508137
1444.3526124954	1.0000752211	3.9931282997
1445.3526692390	1.0000679493	3.9932394028
1446.3517265320	1.0000747442	3.9933104515
1447.3517837524	1.0000717640	3.9934103489
1448.3518409729	1.0000635386	3.9934988022
1449.3518981934	1.0000729561	3.9936101437
1450.3519554138	1.0000649691	3.9937026501
1451.3520126343	1.0000642538	3.9937939644
1452.3520698547	1.0000711679	3.9938838482
1453.3521270752	1.0000698566	3.9939837456
1454.3521842957	1.0000667572	3.9940810204
1455.3522410393	1.0000680685	3.9941883087
1456.3522982597	1.0000714064	3.9942662716
1457.3523554802	1.0000686646	3.9943697453
1458.3524127007	1.0000669956	3.9944765568
1459.3524699211	1.0000604391	3.9945645332
1460.3525271416	1.0000717640	3.9946444035
1461.3525843620	1.0000689030	3.9947526455
1462.3526415825	1.0000691414	3.9948446751
1463.3516988754	1.0000679493	3.9949564934
1464.3517560959	1.0000708103	3.9950416088
1465.3518133163	1.0000749826	3.9951384068
1466.3518705368	1.0000720024	3.9952390194
1467.3519277573	1.0000672340	3.9953334332
1468.3519849777	1.0000760555	3.9954335690
1469.3520421982	1.0000734329	3.9955344200
1470.3520994186	1.0000637770	3.9956233501
1471.3521566391	1.0000699759	3.9957211018
1472.3522138596	1.0000733137	3.9958090782
1473.3522710800	1.0000714064	3.9959194660
1474.3523283005	1.0000702143	3.9960076809
1475.3523850441	1.0000711679	3.9961047173
1476.3524422646	1.0000741482	3.9962000847
1477.3524994850	1.0000662804	3.9962756634
1478.3525567055	1.0000733137	3.9963643551
1479.3526139259	1.0000735521	3.9964859486
1480.3526711464	1.0000734329	3.9965720177
1481.3517284393	1.0000762939	3.9966607094
1482.3517856598	1.0000773668	3.9967617989
1483.3518428802	1.0000702143	3.9968442917
1484.3519001007	1.0000714064	3.9969480038
1485.3519573212	1.0000785589	3.9970433712
1486.3520145416	1.0000659227	3.9971356392
1487.3520717621	1.0000697374	3.9972329140
1488.3521289825	1.0000747442	3.9973177910
1489.3521862030	1.0000702143	3.9974231720
1490.3522434235	1.0000729561	3.9975085258
1491.3523006439	1.0000736713	3.9976074696
1492.3523578644	1.0000733137	3.9977273941
1493.3524150848	1.0000667572	3.9977927208
1494.3524718285	1.0000711679	3.9978907108
1495.3525290489	1.0000731945	3.9979944229
1496.3525862694	1.0000786781	3.9980938435
1497.3526434898	1.0000720024	3.9981813431
1498.3517007828	1.0000675917	3.9982888699
1499.3517580032	1.0000785589	3.9983849525
1500.3518152237	1.0000743866	3.9984643459
1501.3518724442	1.0000712872	3.9985618591
1502.3519296646	1.0000725985	3.9986593723
1503.3519868851	1.0000647306	3.9987359047
1504.3520441055	1.0000722408	3.9988400936
1505.3521013260	1.0000698566	3.9989485741
1506.3521585464	1.0000667572	3.9990327358
1507.3522157669	1.0000711679	3.9991216660
1508.3522729874	1.0000702143	3.9992356300
1509.3523302078	1.0000697374	3.9993283749
1510.3523874283	1.0000728369	3.9994282722
1511.3524446487	1.0000721216	3.9995207787
1512.3525018692	1.0000662804	3.9996066093
1513.3525590897	1.0000709295	3.9997167587
1514.3526158333	1.0000722408	3.9998121262
1515.3526730537	1.0000702143	3.9999005795
1516.3517303467	1.0000693798	3.9999856949
1517.3517875671	1.0000758171	4.0000863075
1518.3518447876	1.0000752211	4.0001835823
1519.3519020081	1.0000674725	4.0002708435
1520.3519592285	1.0000684261	4.0003561974
1521.3520164490	1.0000722408	4.0004653931
1522.3520736694	1.0000703335	4.0005722046
1523.3521308899	1.0000683069	4.0006608963
1524.3521881104	1.0000772476	4.0007653236
1525.3522453308	1.0000740290	4.0008516312
1526.3523025513	1.0000656843	4.0009450912
1527.3523597717	1.0000697374	4.0010256767
1528.3524169922	1.0000777245	4.0011253357
1529.3524742126	1.0000728369	4.0012164116
1530.3525314331	1.0000764132	4.0013270378
1531.3525886536	1.0000723600	4.0014271736
1532.3526458740	1.0000704527	4.0015172958
1533.3517026901	1.0000659227	4.0016007423
1534.3517599106	1.0000759363	4.0017132759
1535.3518171310	1.0000771284	4.0018086433
1536.3518743515	1.0000729561	4.0019063950
1537.3519315720	1.0000733137	4.0019903183
1538.3519887924	1.0000774860	4.0020980835
1539.3520460129	1.0000782013	4.0021829605
1540.3521032333	1.0000720024	4.0022830963
1541.3521604538	1.0000751019	4.0023837090
1542.3522176743	1.0000778437	4.0024623871
1543.3522748947	1.0000759363	4.0025672913
1544.3523321152	1.0000759363	4.0026659966
1545.3523893356	1.0000718832	4.0027556419
1546.3524465561	1.0000783205	4.0028505325
1547.3525037766	1.0000760555	4.0029482841
1548.3525609970	1.0000712872	4.0030398369
1549.3526182175	1.0000716448	4.0031452179
1550.3526754379	1.0000722408	4.0032291412
1551.3517322540	1.0000727177	4.0033183098
1552.3517894745	1.0000751019	4.0034151077
1553.3518466949	1.0000785589	4.0035057068
1554.3519034386	1.0000785589	4.0036001205
1555.3519611359	1.0000737906	4.0037169456
1556.3520178795	1.0000792742	4.0037994385
1557.3520755768	1.0000785589	4.0038914680
1558.3521323204	1.0000740290	4.0039782524
1559.3521900177	1.0000785589	4.0040941238
1560.3522467613	1.0000731945	4.0041861534
1561.3523044586	1.0000729561	4.0042858124
1562.3523612022	1.0000691414	4.0043649673
1563.3524188995	1.0000731945	4.0044612885
1564.3524756432	1.0000752211	4.0045523643
1565.3525333405	1.0000703335	4.0046730042
1566.3525900841	1.0000683069	4.0047411919
1567.3526477814	1.0000760555	4.0048632622
1568.3517045975	1.0000765324	4.0049419403
1569.3517618179	1.0000745058	4.0050439835
1570.3518190384	1.0000706911	4.0051388741
1571.3518762589	1.0000764132	4.0052261353
1572.3519334793	1.0000737906	4.0053176880
1573.3519906998	1.0000680685	4.0054311752
1574.3520474434	1.0000715256	4.0055179596
1575.3521046638	1.0000752211	4.0056004524
1576.3521618843	1.0000617504	4.0057115555
1577.3522191048	1.0000700951	4.0057950020
1578.3522763252	1.0000739098	4.0059094429
1579.3523335457	1.0000710487	4.0060138702
1580.3523907661	1.0000665188	4.0060992241
1581.3524479866	1.0000740290	4.0061945915
1582.3525052071	1.0000724792	4.0062727928
1583.3525624275	1.0000721216	4.0063867569
1584.3526196480	1.0000687838	4.0064787865
1585.3526768684	1.0000749826	4.0065717697
1586.3517341614	1.0000685453	4.0066547394
1587.3517913818	1.0000714064	4.0067582130
1588.3518486023	1.0000656843	4.0068573952
1589.3519058228	1.0000703335	4.0069503784
1590.3519630432	1.0000669956	4.0070519447
1591.3520202637	1.0000661612	4.0071549416
1592.3520774841	1.0000677109	4.0072588921
1593.3521342278	1.0000715256	4.0073285103
1594.3521914482	1.0000675917	4.0074253082
1595.3522486687	1.0000669956	4.0075359344
1596.3523058891	1.0000631809	4.0076179504
1597.3523631096	1.0000611544	4.0077018738
1598.3524203300	1.0000711679	4.0078234673
1599.3524775505	1.0000686646	4.0079226494
1600.3525347710	1.0000665188	4.0080204010
1601.3525919914	1.0000697374	4.0081100464
1602.3526492119	1.0000637770	4.0082159042
1603.3517065048	1.0000671148	4.0083217621
1604.3517637253	1.0000658035	4.0084061623
1605.3518209457	1.0000717640	4.0084996223
1606.3518781662	1.0000697374	4.0085916519
1607.3519353867	1.0000671148	4.0086860657
1608.3519926071	1.0000680685	4.0087814331
1609.3520498276	1.0000720024	4.0088787079
1610.3521070480	1.0000698566	4.0089726448
1611.3521642685	1.0000702143	4.0090804100
1612.3522214890	1.0000708103	4.0091671944
1613.3522782326	1.0000717640	4.0092606544
1614.3523354530	1.0000634193	4.0093598366
1615.3523926735	1.0000737906	4.0094542503
1616.3524498940	1.0000751019	4.0095572472
1617.3525071144	1.0000654459	4.0096454620
1618.3525643349	1.0000733137	4.0097427368
1619.3526215553	1.0000709295	4.0098466873
1620.3526787758	1.0000708103	4.0099315643
1621.3517360687	1.0000708103	4.0100274086
1622.3517932892	1.0000715256	4.0101199150
1623.3518505096	1.0000724792	4.0102329254
1624.3519077301	1.0000708103	4.0103163719
1625.3519649506	1.0000681877	4.0104279518
1626.3520221710	1.0000727177	4.0105199814
1627.3520793915	1.0000677109	4.0106210709
1628.3521366119	1.0000662804	4.0107235909
1629.3521938324	1.0000685453	4.0108017921
1630.3522510529	1.0000644922	4.0109233856
1631.3523082733	1.0000628233	4.0109953880
1632.3523654938	1.0000685453	4.0110926628
1633.3524222374	1.0000587702	4.0111865997
1634.3524794579	1.0000655651	4.0112891197
1635.3525366783	1.0000717640	4.0113873482
1636.3525938988	1.0000667572	4.0114741325
1637.3526511192	1.0000623465	4.0115842819
1638.3517084122	1.0000643730	4.0116486549
1639.3517656326	1.0000698566	4.0117731094
1640.3518228531	1.0000637770	4.0118684769
1641.3518800735	1.0000686646	4.0119352341
1642.3519372940	1.0000680685	4.0120568275
1643.3519945145	1.0000646114	4.0121531487
1644.3520517349	1.0000679493	4.0122590065
1645.3521089554	1.0000704527	4.0123696327
1646.3521661758	1.0000653267	4.0124487877
1647.3522233963	1.0000690222	4.0125670433
1648.3522806168	1.0000710487	4.0126361847
1649.3523378372	1.0000715256	4.0127553940
1650.3523950577	1.0000696182	4.0128293037
1651.3524522781	1.0000673532	4.0129146576
1652.3525094986	1.0000706911	4.0130167007
1653.3525662422	1.0000637770	4.0131378174
1654.3526234627	1.0000653267	4.0132341385
1655.3526806831	1.0000730753	4.0133190155
1656.3517379761	1.0000673532	4.0134105682
1657.3517951965	1.0000689030	4.0135250092
1658.3518524170	1.0000727177	4.0136332512
1659.3519096375	1.0000671148	4.0137119293
1660.3519668579	1.0000627041	4.0138297081
1661.3520240784	1.0000669956	4.0139212608
1662.3520812988	1.0000686646	4.0140104294
1663.3521385193	1.0000646114	4.0141062737
1664.3521957397	1.0000678301	4.0142030716
1665.3522529602	1.0000755787	4.0143084526
1666.3523101807	1.0000677109	4.0143947601
1667.3523674011	1.0000646114	4.0144734383
1668.3524246216	1.0000754595	4.0145921707
1669.3524818420	1.0000742674	4.0147013664
1670.3525390625	1.0000692606	4.0147848129
1671.3525962830	1.0000720024	4.0148744583
1672.3526535034	1.0000640154	4.0149855614
1673.3517098427	1.0000702143	4.0150866508
1674.3517675400	1.0000749826	4.0151739120
1675.3518242836	1.0000672340	4.0152873993
1676.3518819809	1.0000710487	4.0153765678
1677.3519387245	1.0000771284	4.0154948235
1678.3519964218	1.0000745058	4.0155768394
1679.3520531654	1.0000667572	4.0156807899
1680.3521108627	1.0000675917	4.0157628059
1681.3521676064	1.0000711679	4.0158762932
1682.3522253036	1.0000733137	4.0159792900
1683.3522820473	1.0000659227	4.0160708427
1684.3523397446	1.0000698566	4.0161495209
1685.3523964882	1.0000720024	4.0162496567
1686.3524541855	1.0000685453	4.0163607597
1687.3525109291	1.0000694990	4.0164642334
1688.3525686264	1.0000654459	4.0165505409
1689.3526253700	1.0000795126	4.0166649818
1690.3526830673	1.0000703335	4.0167641640
1691.3517398834	1.0000662804	4.0168476105
1692.3517966270	1.0000724792	4.0169682503
1693.3518538475	1.0000736713	4.0170664787
1694.3519110680	1.0000724792	4.0171594620
1695.3519682884	1.0000739098	4.0172662735
1696.3520255089	1.0000671148	4.0173592567
1697.3520827293	1.0000759363	4.0174536705
1698.3521399498	1.0000733137	4.0175709724
1699.3521971703	1.0000667572	4.0176482201
1700.3522543907	1.0000672340	4.0177493095
1701.3523116112	1.0000749826	4.0178527832
1702.3523688316	1.0000654459	4.0179390907
1703.3524260521	1.0000689030	4.0180392265
1704.3524832726	1.0000669956	4.0181293488
1705.3525404930	1.0000681877	4.0182471275
1706.3525977135	1.0000754595	4.0183477402
1707.3526549339	1.0000675917	4.0184383392
1708.3517122269	1.0000654459	4.0185484886
1709.3517694473	1.0000677109	4.0186157227
1710.3518266678	1.0000721216	4.0187320709
1711.3518838882	1.0000660419	4.0188403130
1712.3519406319	1.0000727177	4.0189304352
1713.3519978523	1.0000675917	4.0190281868
1714.3520550728	1.0000646114	4.0191268921
1715.3521122932	1.0000698566	4.0192341805
1716.3521695137	1.0000672340	4.0193247795
1717.3522267342	1.0000599623	4.0194344521
1718.3522839546	1.0000642538	4.0195422173
1719.3523411751	1.0000665188	4.0196313858
1720.3523983955	1.0000606775	4.0197386742
1721.3524556160	1.0000686646	4.0198416710
1722.3525128365	1.0000709295	4.0199441910
1723.3525700569	1.0000662804	4.0200343132
1724.3526272774	1.0000649691	4.0201144218
1725.3526844978	1.0000716448	4.0202398300
1726.3517417908	1.0000727177	4.0203299522
1727.3517990112	1.0000706911	4.0204429626
1728.3518562317	1.0000687838	4.0205225945
1729.3519134521	1.0000680685	4.0206413269
1730.3519706726	1.0000652075	4.0207538605
1731.3520278931	1.0000684261	4.0208516121
1732.3520846367	1.0000727177	4.0209488869
1733.3521418571	1.0000703335	4.0210623741
1734.3521990776	1.0000654459	4.0211443901
1735.3522562981	1.0000724792	4.0212216377
1736.3523135185	1.0000685453	4.0213546753
1737.3523707390	1.0000652075	4.0214548111
1738.3524279594	1.0000711679	4.0215458870
1739.3524851799	1.0000646114	4.0216517448
1740.3525424004	1.0000658035	4.0217571259
1741.3525996208	1.0000679493	4.0218510628
1742.3526568413	1.0000740290	4.0219621658
1743.3517141342	1.0000721216	4.0220503807
1744.3517713547	1.0000715256	4.0221576691
1745.3518285751	1.0000710487	4.0222501755
1746.3518857956	1.0000718832	4.0223455429
1747.3519430161	1.0000681877	4.0224466324
1748.3520002365	1.0000746250	4.0225596428
1749.3520574570	1.0000703335	4.0226621628
1750.3521146774	1.0000723600	4.0227599144
1751.3521718979	1.0000691414	4.0228643417
1752.3522286415	1.0000687838	4.0229516029
1753.3522858620	1.0000679493	4.0230655670
1754.3523430824	1.0000733137	4.0231614113
1755.3524003029	1.0000641346	4.0232615471
1756.3524575233	1.0000697374	4.0233526230
1757.3525147438	1.0000748634	4.0234532356
1758.3525719643	1.0000675917	4.0235633850
1759.3526291847	1.0000720024	4.0236759186
1760.3526864052	1.0000720024	4.0237708092
1761.3517436981	1.0000728369	4.0238604546
1762.3518009186	1.0000672340	4.0239806175
1763.3518581390	1.0000684261	4.0240707397
1764.3519153595	1.0000755787	4.0241870880
1765.3519725800	1.0000700951	4.0242996216
1766.3520298004	1.0000680685	4.0243906975
1767.3520870209	1.0000702143	4.0244736671
1768.3521442413	1.0000727177	4.0245904922
1769.3522014618	1.0000667572	4.0246887207
1770.3522586823	1.0000687838	4.0247931480
1771.3523159027	1.0000699759	4.0249009132
1772.3523726463	1.0000686646	4.0250010490
1773.3524298668	1.0000675917	4.0251016617
1774.3524870872	1.0000637770	4.0252008438
1775.3525443077	1.0000673532	4.0252947807
1776.3526015282	1.0000741482	4.0254058838
1777.3526587486	1.0000717640	4.0254998207
1778.3517160416	1.0000668764	4.0256180763
1779.3517732620	1.0000685453	4.0257306099
1780.3518304825	1.0000686646	4.0258159637
1781.3518877029	1.0000693798	4.0259189606
1782.3519449234	1.0000692606	4.0260229111
1783.3520021439	1.0000721216	4.0261259079
1784.3520593643	1.0000711679	4.0262370110
1785.3521165848	1.0000702143	4.0263285637
1786.3521738052	1.0000754595	4.0264310837
1787.3522310257	1.0000708103	4.0265388489
1788.3522882462	1.0000675917	4.0266470909
1789.3523454666	1.0000743866	4.0267438889
1790.3524026871	1.0000702143	4.0268659592
1791.3524594307	1.0000630617	4.0269532204
1792.3525166512	1.0000678301	4.0270762444
1793.3525738716	1.0000704527	4.0271825790
1794.3526310921	1.0000697374	4.0272955894
1795.3526883125	1.0000630617	4.0273790359
1796.3517451286	1.0000636578	4.0274977684
1797.3518028259	1.0000654459	4.0276045799
1798.3518595695	1.0000717640	4.0276970863
1799.3519172668	1.0000654459	4.0278058052
1800.3519740105	1.0000689030	4.0279107094
1801.3520317078	1.0000715256	4.0280151367
1802.3520884514	1.0000698566	4.0281205177
1803.3521461487	1.0000640154	4.0282111168
1804.3522028923	1.0000704527	4.0283174515
1805.3522605896	1.0000722408	4.0284256935
1806.3523173332	1.0000728369	4.0285387039
1807.3523750305	1.0000706911	4.0286445618
1808.3524317741	1.0000702143	4.0287294388
1809.3524894714	1.0000754595	4.0288619995
1810.3525462151	1.0000705719	4.0289731026
1811.3526034355	1.0000739098	4.0290722847
1812.3526606560	1.0000743866	4.0291852951
1813.3517174721	1.0000703335	4.0292882919
1814.3517746925	1.0000686646	4.0293731689
1815.3518319130	1.0000734329	4.0295023918
1816.3518891335	1.0000693798	4.0296034813
1817.3519463539	1.0000689030	4.0296964645
1818.3520035744	1.0000679493	4.0298180580
1819.3520607948	1.0000636578	4.0299067497
1820.3521180153	1.0000715256	4.0300126076
1821.3521752357	1.0000733137	4.0300998688
1822.3522324562	1.0000742674	4.0302119255
1823.3522896767	1.0000662804	4.0303039551
1824.3523468971	1.0000714064	4.0304150581
1825.3524041176	1.0000724792	4.0305323601
1826.3524613380	1.0000677109	4.0306358337
1827.3525185585	1.0000715256	4.0307512283
1828.3525757790	1.0000698566	4.0308485031
1829.3526329994	1.0000697374	4.0309648514
1830.3526902199	1.0000716448	4.0310711861
1831.3517470360	1.0000672340	4.0311579704
1832.3518042564	1.0000724792	4.0312709808
1833.3518614769	1.0000661612	4.0313882828
1834.3519186974	1.0000736713	4.0314950943
1835.3519759178	1.0000723600	4.0316004753
1836.3520331383	1.0000646114	4.0317053795
1837.3520903587	1.0000646114	4.0318059921
1838.3521475792	1.0000716448	4.0319347382
1839.3522047997	1.0000706911	4.0320200920
1840.3522620201	1.0000698566	4.0321359634
1841.3523192406	1.0000733137	4.0322618484
1842.3523764610	1.0000711679	4.0323719978
1843.3524336815	1.0000649691	4.0324602127
1844.3524909019	1.0000662804	4.0325679779
1845.3525481224	1.0000720024	4.0326952934
1846.3526053429	1.0000637770	4.0327768326
1847.3526625633	1.0000672340	4.0328965187
1848.3517198563	1.0000702143	4.0329957008
1849.3517770767	1.0000698566	4.0331001282
1850.3518342972	1.0000679493	4.0332164764
1851.3518910408	1.0000635386	4.0333189964
1852.3519482613	1.0000662804	4.0334324837
1853.3520054817	1.0000721216	4.0335483551
1854.3520627022	1.0000698566	4.0336513519
1855.3521199226	1.0000641346	4.0337572098
1856.3521771431	1.0000709295	4.0338664055
1857.3522343636	1.0000693798	4.0339765549
1858.3522915840	1.0000666380	4.0340943336
1859.3523488045	1.0000644922	4.0341968536
1860.3524060249	1.0000615120	4.0343079567
1861.3524632454	1.0000685453	4.0344266891
1862.3525204659	1.0000665188	4.0345263481
1863.3525776863	1.0000616312	4.0346264839
1864.3526349068	1.0000662804	4.0347290039
1865.3516921997	1.0000686646	4.0348367691
1866.3517494202	1.0000677109	4.0349645615
1867.3518066406	1.0000644922	4.0350632668
1868.3518638611	1.0000654459	4.0351676941
1869.3519210815	1.0000680685	4.0352993011
1870.3519783020	1.0000751019	4.0353932381
1871.3520350456	1.0000685453	4.0355043411
1872.3520922661	1.0000641346	4.0356206894
1873.3521494865	1.0000715256	4.0357198715
1874.3522067070	1.0000697374	4.0358409882
1875.3522639275	1.0000671148	4.0359582901
1876.3523211479	1.0000723600	4.0360693932
1877.3523783684	1.0000724792	4.0361700058
1878.3524355888	1.0000711679	4.0362920761
1879.3524928093	1.0000655651	4.0363898277
1880.3525500298	1.0000700951	4.0364942551
1881.3526072502	1.0000711679	4.0366110802
1882.3526644707	1.0000680685	4.0367074013
1883.3517217636	1.0000641346	4.0368409157
1884.3517789841	1.0000689030	4.0369391441
1885.3518362045	1.0000706911	4.0370430946
1886.3518934250	1.0000684261	4.0371642113
1887.3519506454	1.0000621080	4.0372567177
1888.3520078659	1.0000689030	4.0373754501
1889.3520650864	1.0000692606	4.0374970436
1890.3521218300	1.0000667572	4.0376033783
1891.3521790504	1.0000675917	4.0377273560
1892.3522362709	1.0000704527	4.0378279686
1893.3522934914	1.0000677109	4.0379486084
1894.3523507118	1.0000712872	4.0380616188
1895.3524079323	1.0000652075	4.0381641388
1896.3524651527	1.0000694990	4.0382785797
1897.3525223732	1.0000693798	4.0383872986
1898.3525795937	1.0000665188	4.0385012627
1899.3526368141	1.0000731945	4.0386199951
1900.3516941071	1.0000715256	4.0387287140
1901.3517513275	1.0000736713	4.0388407707
1902.3518085480	1.0000649691	4.0389437675
1903.3518657684	1.0000704527	4.0390558243
1904.3519229889	1.0000737906	4.0391688347
1905.3519802094	1.0000730753	4.0392870903
1906.3520374298	1.0000667572	4.0393896103
1907.3520946503	1.0000751019	4.0395140648
1908.3521518707	1.0000760555	4.0396065712
1909.3522090912	1.0000691414	4.0397338867
1910.3522658348	1.0000728369	4.0398421288
1911.3523230553	1.0000710487	4.0399537086
1912.3523802757	1.0000737906	4.0400638580
1913.3524374962	1.0000722408	4.0401859283
1914.3524947166	1.0000694990	4.0403084755
1915.3525519371	1.0000703335	4.0404238701
1916.3526091576	1.0000746250	4.0405178070
1917.3526663780	1.0000737906	4.0406332016
1918.3517236710	1.0000706911	4.0407438278
1919.3517804146	1.0000652075	4.0408616066
1920.3518381119	1.0000754595	4.0409693718
1921.3518948555	1.0000733137	4.0410933495
1922.3519525528	1.0000737906	4.0412049294
1923.3520092964	1.0000739098	4.0413293839
1924.3520669937	1.0000685453	4.0414628983
1925.3521237373	1.0000671148	4.0415554047
1926.3521814346	1.0000700951	4.0416655540
1927.3522381783	1.0000722408	4.0417737961
1928.3522958755	1.0000709295	4.0419082642
1929.3523526192	1.0000667572	4.0420126915
1930.3524098396	1.0000728369	4.0421285629
1931.3524670601	1.0000723600	4.0422511101
1932.3525242805	1.0000667572	4.0423636436
1933.3525815010	1.0000693798	4.0424642563
1934.3526387215	1.0000733137	4.0425872803
1935.3516955376	1.0000727177	4.0427012444
1936.3517527580	1.0000663996	4.0428166389
1937.3518099785	1.0000715256	4.0429339409
1938.3518671989	1.0000680685	4.0430483818
1939.3519244194	1.0000712872	4.0431628227
1940.3519816399	1.0000698566	4.0432686806
1941.3520388603	1.0000678301	4.0434050560
1942.3520960808	1.0000706911	4.0435290337
1943.3521533012	1.0000711679	4.0436310768
1944.3522105217	1.0000706911	4.0437607765
1945.3522677422	1.0000693798	4.0438785553
1946.3523249626	1.0000711679	4.0439906120
1947.3523821831	1.0000640154	4.0441179276
1948.3524394035	1.0000680685	4.0442156792
1949.3524966240	1.0000702143	4.0443511009
1950.3525538445	1.0000729561	4.0444626808
1951.3526110649	1.0000698566	4.0445647240
1952.3526682854	1.0000736713	4.0447001457
1953.3517251015	1.0000760555	4.0448107719
1954.3517823219	1.0000749826	4.0449395180
1955.3518395424	1.0000724792	4.0450444221
1956.3518967628	1.0000729561	4.0451583862
1957.3519539833	1.0000693798	4.0452871323
1958.3520112038	1.0000705719	4.0454010963
1959.3520684242	1.0000731945	4.0455069542
1960.3521256447	1.0000742674	4.0456371307
1961.3521828651	1.0000736713	4.0457663536
1962.3522400856	1.0000741482	4.0458912849
1963.3522973061	1.0000642538	4.0460104942
1964.3523545265	1.0000687838	4.0461030006
1965.3524117470	1.0000687838	4.0462245941
1966.3524689674	1.0000740290	4.0463414192
1967.3525261879	1.0000654459	4.0464735031
1968.3525834084	1.0000685453	4.0465860367
1969.3526406288	1.0000746250	4.0467123985
1970.3516974449	1.0000716448	4.0468120575
1971.3517546654	1.0000634193	4.0469489098
1972.3518118858	1.0000671148	4.0470561981
1973.3518691063	1.0000659227	4.0471572876
1974.3519263268	1.0000627041	4.0472860336
1975.3519835472	1.0000653267	4.0474152565
1976.3520407677	1.0000586510	4.0475244522
1977.3520979881	1.0000633001	4.0476679802
1978.3521552086	1.0000642538	4.0477705002
1979.3522124290	1.0000659227	4.0479044914
1980.3522696495	1.0000646114	4.0480346680
1981.3523268700	1.0000571012	4.0481338501
1982.3523840904	1.0000641346	4.0482425690
1983.3524413109	1.0000641346	4.0483808517
1984.3524985313	1.0000650883	4.0484952927
1985.3525557518	1.0000623465	4.0486135483
1986.3526129723	1.0000623465	4.0487380028
1987.3526701927	1.0000636578	4.0488452911
1988.3517274857	1.0000679493	4.0489854813
1989.3517842293	1.0000602007	4.0491027832
1990.3518414497	1.0000624657	4.0492186546
1991.3518986702	1.0000689030	4.0493426323
1992.3519558907	1.0000644922	4.0494546890
1993.3520131111	1.0000562668	4.0495886803
1994.3520703316	1.0000660419	4.0497050285
1995.3521275520	1.0000700951	4.0498366356
1996.3521847725	1.0000663996	4.0499625206
1997.3522419930	1.0000654459	4.0500988960
1998.3522992134	1.0000611544	4.0502061844
1999.3523564339	1.0000720024	4.0503330231
2000.3524136543	1.0000694990	4.0504503250
2001.3524708748	1.0000659227	4.0505661964
2002.3525280952	1.0000690222	4.0506944656
2003.3525853157	1.0000679493	4.0508089066
2004.3526425362	1.0000694990	4.0509343147
2005.3516998291	1.0000721216	4.0510654449
2006.3517570496	1.0000685453	4.0511898994
2007.3518142700	1.0000720024	4.0513052940
2008.3518714905	1.0000694990	4.0514116287
2009.3519282341	1.0000673532	4.0515480042
2010.3519854546	1.0000693798	4.0516552925
2011.3520426750	1.0000715256	4.0518107414
2012.3520998955	1.0000640154	4.0519266129
2013.3521571159	1.0000615120	4.0520453453
2014.3522143364	1.0000692606	4.0521702766
2015.3522715569	1.0000680685	4.0523009300
2016.3523287773	1.0000641346	4.0524258614
2017.3523859978	1.0000621080	4.0525474548
2018.3524432182	1.0000685453	4.0526819229
2019.3525004387	1.0000597239	4.0527906418
2020.3525576591	1.0000610352	4.0529179573
2021.3526148796	1.0000697374	4.0530343056
2022.3526721001	1.0000633001	4.0531806946
2023.3517293930	1.0000618696	4.0532922745
2024.3517866135	1.0000636578	4.0534138680
2025.3518438339	1.0000671148	4.0535283089
2026.3519010544	1.0000642538	4.0536627769
2027.3519582748	1.0000646114	4.0538015366
2028.3520154953	1.0000621080	4.0539073944
2029.3520722389	1.0000684261	4.0540328026
2030.3521294594	1.0000662804	4.0541677475
2031.3521866798	1.0000658035	4.0542888641
2032.3522439003	1.0000652075	4.0544233322
2033.3523011208	1.0000723600	4.0545454025
2034.3523583412	1.0000685453	4.0546751022
2035.3524155617	1.0000633001	4.0548090935
2036.3524727821	1.0000679493	4.0549416542
2037.3525300026	1.0000737906	4.0550680161
2038.3525872231	1.0000765324	4.0551791191
2039.3526444435	1.0000636578	4.0553007126
2040.3517012596	1.0000756979	4.0554409027
2041.3517589569	1.0000733137	4.0555653572
2042.3518157005	1.0000691414	4.0557122231
2043.3518733978	1.0000680685	4.0558438301
2044.3519301414	1.0000717640	4.0559592247
2045.3519878387	1.0000684261	4.0560884476
2046.3520445824	1.0000712872	4.0562167168
2047.3521022797	1.0000754595	4.0563364029
2048.3521590233	1.0000722408	4.0564770699
2049.3522162437	1.0000672340	4.0566020012
2050.3522734642	1.0000711679	4.0567364693
2051.3523306847	1.0000683069	4.0568556786
2052.3523874283	1.0000689030	4.0569801331
2053.3524451256	1.0000709295	4.0571165085
2054.3525018692	1.0000694990	4.0572218895
2055.3525595665	1.0000740290	4.0573539734
2056.3526163101	1.0000698566	4.0574979782
2057.3526740074	1.0000711679	4.0576295853
2058.3517308235	1.0000686646	4.0577468872
2059.3517880440	1.0000677109	4.0578846931
2060.3518452644	1.0000647306	4.0580077171
2061.3519024849	1.0000702143	4.0581445694
2062.3519597054	1.0000704527	4.0582613945
2063.3520169258	1.0000681877	4.0583810806
2064.3520741463	1.0000606775	4.0585083961
2065.3521313667	1.0000708103	4.0586557388
2066.3521885872	1.0000741482	4.0587863922
2067.3522458076	1.0000648499	4.0589103699
2068.3523030281	1.0000689030	4.0590429306
2069.3523602486	1.0000714064	4.0591778755
2070.3524174690	1.0000680685	4.0593132973
2071.3524746895	1.0000715256	4.0594396591
2072.3525314331	1.0000712872	4.0595655441
2073.3525886536	1.0000689030	4.0597119331
2074.3526458740	1.0000698566	4.0598397255
2075.3517031670	1.0000638962	4.0599560738
2076.3517603874	1.0000706911	4.0600905418
2077.3518176079	1.0000730753	4.0602326393
2078.3518748283	1.0000659227	4.0603709221
2079.3519320488	1.0000710487	4.0605006218
2080.3519892693	1.0000715256	4.0606155396
2081.3520464897	1.0000686646	4.0607419014
2082.3521037102	1.0000679493	4.0608716011
2083.3521609306	1.0000700951	4.0610046387
2084.3522181511	1.0000659227	4.0611529350
2085.3522753716	1.0000706911	4.0612707138
2086.3523325920	1.0000720024	4.0614008904
2087.3523898125	1.0000694990	4.0615530014
2088.3524470329	1.0000659227	4.0616688728
2089.3525042534	1.0000655651	4.0617976189
2090.3525614738	1.0000730753	4.0619421005
2091.3526186943	1.0000709295	4.0620737076
2092.3526754379	1.0000662804	4.0622048378
2093.3517327309	1.0000710487	4.0623311996
2094.3517899513	1.0000715256	4.0624580383
2095.3518471718	1.0000725985	4.0626144409
2096.3519043922	1.0000690222	4.0627322197
2097.3519616127	1.0000667572	4.0628771782
2098.3520188332	1.0000767708	4.0630040169
2099.3520760536	1.0000680685	4.0631303787
2100.3521332741	1.0000656843	4.0632700920
2101.3521904945	1.0000736713	4.0634136200
2102.3522477150	1.0000702143	4.0635409355
2103.3523049355	1.0000660419	4.0636749268
2104.3523621559	1.0000741482	4.0637979507
2105.3524193764	1.0000669956	4.0639486313
2106.3524765968	1.0000691414	4.0641064644
2107.3525338173	1.0000700951	4.0642170906
2108.3525910378	1.0000691414	4.0643544197
2109.3526482582	1.0000655651	4.0644989014
2110.3517050743	1.0000636578	4.0646119118
2111.3517622948	1.0000619888	4.0647530556
2112.3518195152	1.0000689030	4.0648961067
2113.3518767357	1.0000660419	4.0650305748
2114.3519339561	1.0000652075	4.0651540756
2115.3519911766	1.0000704527	4.0652885437
2116.3520483971	1.0000687838	4.0654382706
2117.3521056175	1.0000648499	4.0655560493
2118.3521628380	1.0000662804	4.0656895638
2119.3522200584	1.0000662804	4.0658311844
2120.3522772789	1.0000641346	4.0659570694
2121.3523344994	1.0000698566	4.0660996437
2122.3523917198	1.0000642538	4.0662512779
2123.3524489403	1.0000646114	4.0663781166
2124.3525061607	1.0000703335	4.0665183067
2125.3525633812	1.0000635386	4.0666489601
2126.3526206017	1.0000652075	4.0667948723
2127.3526778221	1.0000646114	4.0669169426
2128.3517346382	1.0000678301	4.0670576096
2129.3517918587	1.0000667572	4.0671873093
2130.3518490791	1.0000659227	4.0673308372
2131.3519062996	1.0000699759	4.0674829483
2132.3519635201	1.0000656843	4.0676026344
2133.3520207405	1.0000711679	4.0677514076
2134.3520779610	1.0000693798	4.0678873062
2135.3521351814	1.0000643730	4.0680255890
2136.3521924019	1.0000711679	4.0681595802
2137.3522496223	1.0000772476	4.0683164597
2138.3523068428	1.0000705719	4.0684499741
2139.3523640633	1.0000772476	4.0685634613
2140.3524212837	1.0000736713	4.0687260628
2141.3524785042	1.0000702143	4.0688481331
2142.3525357246	1.0000705719	4.0689830780
2143.3525929451	1.0000722408	4.0691461563
2144.3526501656	1.0000667572	4.0692672729
2145.3517074585	1.0000667572	4.0694046021
2146.3517646790	1.0000692606	4.0695481300
2147.3518218994	1.0000658035	4.0697140694
2148.3518786430	1.0000698566	4.0698404312
2149.3519358635	1.0000703335	4.0699753761
2150.3519930840	1.0000663996	4.0701189041
2151.3520503044	1.0000733137	4.0702629089
2152.3521075249	1.0000659227	4.0704059601
2153.3521647453	1.0000623465	4.0705375671
2154.3522219658	1.0000656843	4.0706748962
2155.3522791862	1.0000667572	4.0708351135
2156.3523364067	1.0000677109	4.0709624290
2157.3523936272	1.0000655651	4.0710988045
2158.3524508476	1.0000698566	4.0712356567
2159.3525080681	1.0000563860	4.0713591576
2160.3525652885	1.0000641346	4.0715060234
2161.3526225090	1.0000648499	4.0716557503
2162.3526797295	1.0000649691	4.0717883110
2163.3517365456	1.0000609159	4.0719366074
2164.3517942429	1.0000623465	4.0720829964
2165.3518509865	1.0000712872	4.0722279549
2166.3519086838	1.0000658035	4.0723547935
2167.3519654274	1.0000628233	4.0725069046
2168.3520226479	1.0000674725	4.0726141930
2169.3520798683	1.0000685453	4.0727944374
2170.3521370888	1.0000607967	4.0729389191
2171.3521938324	1.0000699759	4.0730772018
2172.3522515297	1.0000623465	4.0732002258
2173.3523082733	1.0000633001	4.0733594894
2174.3523659706	1.0000671148	4.0734858513
2175.3524227142	1.0000635386	4.0736398697
2176.3524804115	1.0000646114	4.0737686157
2177.3525371552	1.0000636578	4.0739159584
2178.3525948524	1.0000584126	4.0740585327
2179.3526515961	1.0000636578	4.0741782188
2180.3517088890	1.0000636578	4.0743570328
2181.3517661095	1.0000641346	4.0745000839
2182.3518233299	1.0000718832	4.0746493340
2183.3518805504	1.0000655651	4.0747885704
2184.3519377708	1.0000654459	4.0749230385
2185.3519949913	1.0000650883	4.0750565529
2186.3520522118	1.0000671148	4.0752091408
2187.3521094322	1.0000681877	4.0753445625
2188.3521666527	1.0000691414	4.0754866600
2189.3522238731	1.0000711679	4.0756320953
2190.3522810936	1.0000646114	4.0757699013
2191.3523378372	1.0000673532	4.0759096146
2192.3523950577	1.0000686646	4.0760526657
2193.3524522781	1.0000720024	4.0762300491
2194.3525094986	1.0000678301	4.0763602257
2195.3525667191	1.0000680685	4.0764985085
2196.3526239395	1.0000705719	4.0766434669
2197.3526811600	1.0000685453	4.0767884254
2198.3517384529	1.0000638962	4.0769281387
2199.3517956734	1.0000693798	4.0770797729
2200.3518528938	1.0000702143	4.0772109032
2201.3519101143	1.0000689030	4.0773682594
2202.3519673347	1.0000677109	4.0774950981
2203.3520245552	1.0000703335	4.0776534081
2204.3520817757	1.0000680685	4.0777993202
2205.3521389961	1.0000717640	4.0779438019
2206.3521962166	1.0000720024	4.0781030655
2207.3522534370	1.0000737906	4.0782384872
2208.3523106575	1.0000649691	4.0783853531
2209.3523678780	1.0000727177	4.0785260201
2210.3524250984	1.0000731945	4.0786795616
2211.3524818420	1.0000755787	4.0788331032
2212.3525390625	1.0000711679	4.0789685249
2213.3525962830	1.0000702143	4.0791239738
2214.3526535034	1.0000680685	4.0792713165
2215.3517107964	1.0000691414	4.0793933868
2216.3517680168	1.0000674725	4.0795502663
2217.3518252373	1.0000724792	4.0796837807
2218.3518824577	1.0000683069	4.0798430443
2219.3519396782	1.0000690222	4.0800004005
2220.3519968987	1.0000710487	4.0801143646
2221.3520541191	1.0000655651	4.0802764893
2222.3521113396	1.0000658035	4.0804328918
2223.3521685600	1.0000748634	4.0805759430
2224.3522257805	1.0000677109	4.0807147026
2225.3522830009	1.0000660419	4.0808773041
2226.3523402214	1.0000698566	4.0810232162
2227.3523974419	1.0000711679	4.0811781883
2228.3524546623	1.0000658035	4.0813331604
2229.3525118828	1.0000659227	4.0814695358
2230.3525691032	1.0000659227	4.0816178322
2231.3526258469	1.0000771284	4.0817580223
2232.3526830673	1.0000667572	4.0819230080
2233.3517403603	1.0000637770	4.0820469856
2234.3517975807	1.0000685453	4.0821800232
2235.3518548012	1.0000680685	4.0823602676
2236.3519120216	1.0000646114	4.0824942589
2237.3519692421	1.0000720024	4.0826406479
2238.3520264626	1.0000709295	4.0827922821
2239.3520836830	1.0000634193	4.0829453468
2240.3521409035	1.0000711679	4.0830898285
2241.3521981239	1.0000692606	4.0832338333
2242.3522553444	1.0000654459	4.0833902359
2243.3523125648	1.0000714064	4.0835361481
2244.3523697853	1.0000754595	4.0836911201
2245.3524270058	1.0000741482	4.0838303566
2246.3524842262	1.0000671148	4.0839715004
2247.3525414467	1.0000692606	4.0841422081
2248.3525986671	1.0000749826	4.0842819214
2249.3526558876	1.0000662804	4.0844335556
2250.3517127037	1.0000674725	4.0845956802
2251.3517699242	1.0000729561	4.0847411156
2252.3518271446	1.0000737906	4.0848946571
2253.3518843651	1.0000689030	4.0850338936
2254.3519415855	1.0000704527	4.0851716995
2255.3519988060	1.0000698566	4.0853486061
2256.3520560265	1.0000653267	4.0854868889
2257.3521132469	1.0000780821	4.0856575966
2258.3521704674	1.0000748634	4.0858044624
2259.3522276878	1.0000687838	4.0859427452
2260.3522849083	1.0000693798	4.0861210823
2261.3523421288	1.0000666380	4.0862460136
2262.3523993492	1.0000736713	4.0864014626
2263.3524565697	1.0000680685	4.0865697861
2264.3525137901	1.0000674725	4.0866994858
2265.3525710106	1.0000699759	4.0868711472
2266.3526282310	1.0000662804	4.0870218277
2267.3526854515	1.0000673532	4.0871672630
2268.3517422676	1.0000671148	4.0873188972
2269.3517994881	1.0000683069	4.0874495506
2270.3518567085	1.0000649691	4.0876212120
2271.3519139290	1.0000699759	4.0877599716
2272.3519711494	1.0000709295	4.0879316330
2273.3520283699	1.0000631809	4.0880823135
2274.3520855904	1.0000663996	4.0882396698
2275.3521428108	1.0000691414	4.0883955956
2276.3522000313	1.0000665188	4.0885410309
2277.3522572517	1.0000668764	4.0886921883
2278.3523144722	1.0000678301	4.0888476372
2279.3523716927	1.0000693798	4.0890035629
2280.3524289131	1.0000646114	4.0891542435
2281.3524861336	1.0000622272	4.0893158913
2282.3525433540	1.0000674725	4.0894603729
2283.3526005745	1.0000698566	4.0896277428
2284.3526577950	1.0000730753	4.0897874832
2285.3517150879	1.0000672340	4.0899405479
2286.3517718315	1.0000710487	4.0900959969
2287.3518290520	1.0000797510	4.0902500153
2288.3518862724	1.0000743866	4.0904183388
2289.3519434929	1.0000680685	4.0905489922
2290.3520002365	1.0000729561	4.0907087326
2291.3520579338	1.0000764132	4.0908627510
2292.3521146774	1.0000756979	4.0910286903
2293.3521723747	1.0000715256	4.0911769867
2294.3522291183	1.0000698566	4.0913181305
2295.3522868156	1.0000767708	4.0914778709
2296.3523435593	1.0000776052	4.0916395187
2297.3524012566	1.0000667572	4.0917983055
2298.3524580002	1.0000710487	4.0919504166
2299.3525156975	1.0000720024	4.0921072960
2300.3525724411	1.0000683069	4.0922551155
2301.3526301384	1.0000675917	4.0924191475
2302.3526868820	1.0000699759	4.0925655365
2303.3517441750	1.0000720024	4.0927276611
2304.3518013954	1.0000659227	4.0928735733
2305.3518586159	1.0000720024	4.0930252075
2306.3519158363	1.0000668764	4.0931982994
2307.3519730568	1.0000642538	4.0933494568
2308.3520302773	1.0000693798	4.0935091972
2309.3520874977	1.0000675917	4.0936651230
2310.3521442413	1.0000674725	4.0938215256
2311.3522014618	1.0000735521	4.0939736366
2312.3522586823	1.0000678301	4.0941333771
2313.3523159027	1.0000691414	4.0942792892
2314.3523731232	1.0000690222	4.0944352150
2315.3524303436	1.0000716448	4.0946030617
2316.3524875641	1.0000672340	4.0947442055
2317.3525447845	1.0000698566	4.0948929787
2318.3526020050	1.0000717640	4.0950627327
2319.3526592255	1.0000690222	4.0952057838
2320.3517165184	1.0000705719	4.0953845978
2321.3517737389	1.0000715256	4.0955333710
2322.3518309593	1.0000672340	4.0956754684
2323.3518881798	1.0000636578	4.0958528519
2324.3519454002	1.0000712872	4.0960125923
2325.3520026207	1.0000720024	4.0961675644
2326.3520598412	1.0000722408	4.0963335037
2327.3521170616	1.0000742674	4.0964894295
2328.3521742821	1.0000760555	4.0966506004
2329.3522315025	1.0000692606	4.0967936516
2330.3522882462	1.0000610352	4.0969390869
2331.3523454666	1.0000741482	4.0971269608
2332.3524026871	1.0000681877	4.0972671509
2333.3524599075	1.0000710487	4.0974230766
2334.3525171280	1.0000720024	4.0975942612
2335.3525743484	1.0000706911	4.0977473259
2336.3526315689	1.0000691414	4.0979123116
2337.3526887894	1.0000662804	4.0980567932
2338.3517460823	1.0000737906	4.0982117653
2339.3518033028	1.0000686646	4.0983810425
2340.3518605232	1.0000615120	4.0985407829
2341.3519177437	1.0000716448	4.0986995697
2342.3519749641	1.0000685453	4.0988488197
2343.3520321846	1.0000662804	4.0990223885
2344.3520894051	1.0000700951	4.0991873741
2345.3521466255	1.0000705719	4.0993380547
2346.3522038460	1.0000680685	4.0994844437
2347.3522610664	1.0000691414	4.0996627808
2348.3523182869	1.0000696182	4.0998215675
2349.3523750305	1.0000615120	4.0999879837
2350.3524322510	1.0000667572	4.1001415253
2351.3524894714	1.0000648499	4.1002755165
2352.3525466919	1.0000633001	4.1004505157
2353.3526039124	1.0000631809	4.1006155014
2354.3526611328	1.0000602007	4.1007514000
2355.3517184258	1.0000634193	4.1009221077
2356.3517756462	1.0000718832	4.1011133194
2357.3518328667	1.0000673532	4.1012730598
2358.3518900871	1.0000653267	4.1014213562
2359.3519473076	1.0000689030	4.1015939713
2360.3520045280	1.0000693798	4.1017408371
2361.3520617485	1.0000698566	4.1019072533
2362.3521189690	1.0000656843	4.1020798683
2363.3521761894	1.0000715256	4.1022396088
2364.3522334099	1.0000741482	4.1023826599
2365.3522906303	1.0000636578	4.1025576591
2366.3523478508	1.0000667572	4.1027202606
2367.3524050713	1.0000692606	4.1028742790
2368.3524622917	1.0000660419	4.1030473709
2369.3525190353	1.0000704527	4.1031994820
2370.3525762558	1.0000683069	4.1033658981
2371.3526334763	1.0000686646	4.1035399437
2372.3526906967	1.0000685453	4.1036968231
2373.3517479897	1.0000667572	4.1038413048
2374.3518052101	1.0000737906	4.1040163040
2375.3518624306	1.0000693798	4.1041841507
2376.3519196510	1.0000600815	4.1043324471
2377.3519768715	1.0000683069	4.1044869423
2378.3520340919	1.0000725985	4.1046595573
2379.3520913124	1.0000667572	4.1048116684
2380.3521485329	1.0000742674	4.1049838066
2381.3522057533	1.0000677109	4.1051373482
2382.3522629738	1.0000647306	4.1053118706
2383.3523201942	1.0000717640	4.1054720879
2384.3523774147	1.0000720024	4.1056480408
2385.3524346352	1.0000722408	4.1058077812
2386.3524918556	1.0000736713	4.1059761047
2387.3525490761	1.0000662804	4.1061139107
2388.3526062965	1.0000690222	4.1062841415
2389.3526630402	1.0000706911	4.1064572334
2390.3517203331	1.0000742674	4.1066236496
2391.3517775536	1.0000646114	4.1067571640
2392.3518347740	1.0000668764	4.1069293022
2393.3518919945	1.0000717640	4.1071085930
2394.3519492149	1.0000708103	4.1072793007
2395.3520064354	1.0000678301	4.1074509621
2396.3520636559	1.0000677109	4.1076087952
2397.3521208763	1.0000680685	4.1077504158
2398.3521780968	1.0000697374	4.1079225540
2399.3522353172	1.0000659227	4.1080932617
2400.3522925377	1.0000610352	4.1082658768
2401.3523497581	1.0000633001	4.1084213257
2402.3524069786	1.0000671148	4.1085777283
2403.3524641991	1.0000743866	4.1087498665
2404.3525214195	1.0000698566	4.1089224815
2405.3525786400	1.0000656843	4.1090784073
2406.3526358604	1.0000697374	4.1092514992
2407.3516926765	1.0000727177	4.1093935966
2408.3517498970	1.0000712872	4.1095848083
2409.3518066406	1.0000672340	4.1097407341
2410.3518643379	1.0000673532	4.1099019051
2411.3519210815	1.0000730753	4.1100659370
2412.3519787788	1.0000706911	4.1102385521
2413.3520355225	1.0000714064	4.1104168892
2414.3520932198	1.0000663996	4.1105809212
2415.3521499634	1.0000683069	4.1107368469
2416.3522076607	1.0000780821	4.1109180450
2417.3522644043	1.0000728369	4.1110644341
2418.3523221016	1.0000665188	4.1112222672
2419.3523788452	1.0000669956	4.1113948822
2420.3524365425	1.0000731945	4.1115698814
2421.3524932861	1.0000692606	4.1117296219
2422.3525509834	1.0000728369	4.1119146347
2423.3526077271	1.0000709295	4.1120634079
2424.3526654243	1.0000746250	4.1122360229
2425.3517222404	1.0000764132	4.1124196053
2426.3517794609	1.0000717640	4.1125841141
2427.3518366814	1.0000672340	4.1127257347
2428.3518939018	1.0000751019	4.1129121780
2429.3519506454	1.0000717640	4.1130785942
2430.3520078659	1.0000666380	4.1132316589
2431.3520650864	1.0000675917	4.1134114265
2432.3521223068	1.0000694990	4.1135635376
2433.3521795273	1.0000667572	4.1137270927
2434.3522367477	1.0000650883	4.1139197350
2435.3522939682	1.0000621080	4.1140623093
2436.3523511887	1.0000672340	4.1142382622
2437.3524084091	1.0000700951	4.1143999100
2438.3524656296	1.0000691414	4.1145763397
2439.3525228500	1.0000655651	4.1147308350
2440.3525800705	1.0000728369	4.1149053574
2441.3526372910	1.0000679493	4.1150665283
2442.3516945839	1.0000615120	4.1152291298
2443.3517518044	1.0000697374	4.1153793335
2444.3518090248	1.0000683069	4.1155729294
2445.3518662453	1.0000642538	4.1157341003
2446.3519234657	1.0000705719	4.1159148216
2447.3519806862	1.0000718832	4.1160755157
2448.3520374298	1.0000652075	4.1162338257
2449.3520946503	1.0000706911	4.1164145470
2450.3521518707	1.0000734329	4.1165895462
2451.3522090912	1.0000735521	4.1167478561
2452.3522663116	1.0000722408	4.1169104576
2453.3523235321	1.0000650883	4.1170787811
2454.3523807526	1.0000702143	4.1172490120
2455.3524379730	1.0000724792	4.1173996925
2456.3524951935	1.0000671148	4.1175756454
2457.3525524139	1.0000694990	4.1177587509
2458.3526096344	1.0000672340	4.1179146767
2459.3526668549	1.0000689030	4.1180720329
2460.3517241478	1.0000702143	4.1182665825
2461.3517813683	1.0000680685	4.1184163094
2462.3518385887	1.0000733137	4.1185936928
2463.3518958092	1.0000618696	4.1187500954
2464.3519530296	1.0000649691	4.1188898087
2465.3520102501	1.0000711679	4.1190876961
2466.3520674706	1.0000673532	4.1192436218
2467.3521246910	1.0000623465	4.1194157600
2468.3521814346	1.0000739098	4.1195917130
2469.3522386551	1.0000712872	4.1197662354
2470.3522958755	1.0000642538	4.1199235916
2471.3523530960	1.0000733137	4.1200742722
2472.3524103165	1.0000663996	4.1202602386
2473.3524675369	1.0000630617	4.1204299927
2474.3525247574	1.0000661612	4.1205811501
2475.3525819778	1.0000689030	4.1207547188
2476.3526391983	1.0000602007	4.1209073067
2477.3516964912	1.0000646114	4.1210875511
2478.3517537117	1.0000718832	4.1212520599
2479.3518109322	1.0000643730	4.1214241982
2480.3518681526	1.0000671148	4.1215829849
2481.3519253731	1.0000681877	4.1217508316
2482.3519825935	1.0000690222	4.1219077110
2483.3520398140	1.0000739098	4.1220917702
2484.3520970345	1.0000698566	4.1222658157
2485.3521542549	1.0000767708	4.1224274635
2486.3522114754	1.0000679493	4.1225953102
2487.3522686958	1.0000658035	4.1227407455
2488.3523254395	1.0000689030	4.1229162216
2489.3523826599	1.0000679493	4.1230902672
2490.3524398804	1.0000610352	4.1232566833
2491.3524971008	1.0000680685	4.1234340668
2492.3525543213	1.0000706911	4.1236171722
2493.3526115417	1.0000675917	4.1237640381
2494.3526687622	1.0000642538	4.1239018440
2495.3517260551	1.0000592470	4.1240801811
2496.3517832756	1.0000691414	4.1242465973
2497.3518404961	1.0000666380	4.1244487762
2498.3518977165	1.0000642538	4.1245884895
2499.3519549370	1.0000745058	4.1247587204
2500.3520121574	1.0000662804	4.1249265671
2501.3520693779	1.0000636578	4.1251006126
2502.3521265984	1.0000640154	4.1252775192
2503.3521838188	1.0000686646	4.1254324913
2504.3522410393	1.0000716448	4.1256070137
2505.3522982597	1.0000667572	4.1257762909
2506.3523554802	1.0000633001	4.1259422302
2507.3524127007	1.0000714064	4.1261115074
2508.3524694443	1.0000698566	4.1262688637
2509.3525266647	1.0000659227	4.1264381409
2510.3525838852	1.0000716448	4.1266074181
2511.3526411057	1.0000677109	4.1267824173
2512.3516983986	1.0000677109	4.1269431114
2513.3517556190	1.0000679493	4.1271138191
2514.3518128395	1.0000742674	4.1272864342
2515.3518700600	1.0000672340	4.1274471283
2516.3519272804	1.0000674725	4.1276130676
2517.3519845009	1.0000633001	4.1277766228
2518.3520417213	1.0000705719	4.1279520988
2519.3520989418	1.0000666380	4.1281228065
2520.3521561623	1.0000672340	4.1282782555
2521.3522133827	1.0000673532	4.1284575462
2522.3522706032	1.0000668764	4.1286249161
2523.3523278236	1.0000603199	4.1287918091
2524.3523850441	1.0000677109	4.1289544106
2525.3524422646	1.0000640154	4.1291289330
2526.3524994850	1.0000696182	4.1292991638
2527.3525562286	1.0000650883	4.1294822693
2528.3526134491	1.0000636578	4.1296377182
2529.3526706696	1.0000654459	4.1297907829
2530.3517274857	1.0000680685	4.1299633980
2531.3517851830	1.0000617504	4.1301403046
2532.3518419266	1.0000698566	4.1302990913
2533.3518996239	1.0000668764	4.1304678917
2534.3519563675	1.0000686646	4.1306295395
2535.3520140648	1.0000669956	4.1308031082
2536.3520708084	1.0000615120	4.1309628487
2537.3521285057	1.0000648499	4.1311297417
2538.3521852493	1.0000655651	4.1312952042
2539.3522429466	1.0000605583	4.1314821243
2540.3522996902	1.0000660419	4.1316499710
2541.3523573875	1.0000654459	4.1318020821
2542.3524141312	1.0000669956	4.1319789886
2543.3524718285	1.0000669956	4.1321382523
2544.3525285721	1.0000617504	4.1322865486
2545.3525862694	1.0000693798	4.1324563026
2546.3526430130	1.0000685453	4.1326446533
2547.3516998291	1.0000602007	4.1327953339
2548.3517570496	1.0000636578	4.1329503059
2549.3518142700	1.0000672340	4.1331305504
2550.3518714905	1.0000672340	4.1333022118
2551.3519287109	1.0000616312	4.1334614754
2552.3519859314	1.0000587702	4.1336278915
2553.3520431519	1.0000681877	4.1338071823
2554.3521003723	1.0000673532	4.1339817047
2555.3521575928	1.0000655651	4.1341609955
2556.3522148132	1.0000686646	4.1343250275
2557.3522720337	1.0000636578	4.1344933510
2558.3523292542	1.0000625849	4.1346549988
2559.3523864746	1.0000675917	4.1348242760
2560.3524436951	1.0000677109	4.1349849701
2561.3525009155	1.0000597239	4.1351609230
2562.3525581360	1.0000646114	4.1353349686
2563.3526153564	1.0000646114	4.1355023384
2564.3526725769	1.0000680685	4.1356487274
2565.3517298698	1.0000679493	4.1358356476
2566.3517870903	1.0000616312	4.1360039711
2567.3518438339	1.0000562668	4.1361432076
2568.3519010544	1.0000675917	4.1363110542
2569.3519582748	1.0000667572	4.1364932060
2570.3520154953	1.0000619888	4.1366648674
2571.3520727158	1.0000668764	4.1368165016
2572.3521299362	1.0000612736	4.1369857788
2573.3521871567	1.0000599623	4.1371459961
2574.3522443771	1.0000633001	4.1373224258
2575.3523015976	1.0000659227	4.1374855042
2576.3523588181	1.0000588894	4.1376590729
2577.3524160385	1.0000648499	4.1378307343
2578.3524732590	1.0000602007	4.1380066872
2579.3525304794	1.0000612736	4.1381769180
2580.3525876999	1.0000619888	4.1383347511
2581.3526449203	1.0000615120	4.1385006905
2582.3517022133	1.0000532866	4.1386666298
2583.3517594337	1.0000605583	4.1388397217
2584.3518166542	1.0000597239	4.1390070915
2585.3518738747	1.0000622272	4.1391830444
2586.3519310951	1.0000587702	4.1393423080
2587.3519878387	1.0000602007	4.1395201683
2588.3520450592	1.0000617504	4.1396880150
2589.3521022797	1.0000590086	4.1398501396
2590.3521595001	1.0000634193	4.1400237083
2591.3522167206	1.0000629425	4.1401810646
2592.3522739410	1.0000671148	4.1403560638
2593.3523311615	1.0000562668	4.1405243874
2594.3523883820	1.0000641346	4.1407051086
2595.3524456024	1.0000656843	4.1408648491
2596.3525028229	1.0000646114	4.1410479546
2597.3525600433	1.0000711679	4.1412115097
2598.3526172638	1.0000641346	4.1413769722
2599.3526744843	1.0000672340	4.1415395737
2600.3517317772	1.0000681877	4.1417250633
2601.3517889977	1.0000677109	4.1418871880
2602.3518462181	1.0000646114	4.1420502663
2603.3519034386	1.0000665188	4.1422266960
2604.3519606590	1.0000633001	4.1423902512
2605.3520178795	1.0000618696	4.1425547600
2606.3520750999	1.0000654459	4.1427288055
2607.3521318436	1.0000677109	4.1429009438
2608.3521890640	1.0000680685	4.1430711746
2609.3522462845	1.0000628233	4.1432418823
2610.3523035049	1.0000656843	4.1434049606
2611.3523607254	1.0000675917	4.1435742378
2612.3524179459	1.0000667572	4.1437492371
2613.3524751663	1.0000623465	4.1439294815
2614.3525323868	1.0000704527	4.1440925598
2615.3525896072	1.0000675917	4.1442618370
2616.3526468277	1.0000672340	4.1444401741
2617.3517041206	1.0000649691	4.1446003914
2618.3517613411	1.0000661612	4.1447763443
2619.3518185616	1.0000693798	4.1449499130
2620.3518757820	1.0000724792	4.1451163292
2621.3519330025	1.0000696182	4.1452889442
2622.3519902229	1.0000640154	4.1454629898
2623.3520474434	1.0000696182	4.1456298828
2624.3521046638	1.0000708103	4.1457934380
2625.3521618843	1.0000627041	4.1459813118
2626.3522186279	1.0000706911	4.1461567879
2627.3522758484	1.0000690222	4.1463298798
2628.3523330688	1.0000673532	4.1464872360
2629.3523902893	1.0000715256	4.1466641426
2630.3524475098	1.0000673532	4.1468276978
2631.3525047302	1.0000667572	4.1469936371
2632.3525619507	1.0000690222	4.1471667290
2633.3526191711	1.0000709295	4.1473288536
2634.3526763916	1.0000698566	4.1475062370
2635.3517336845	1.0000674725	4.1476864815
2636.3517909050	1.0000667572	4.1478495598
2637.3518481255	1.0000724792	4.1480255127
2638.3519053459	1.0000665188	4.1482048035
2639.3519625664	1.0000596046	4.1483645439
2640.3520197868	1.0000685453	4.1485304832
2641.3520770073	1.0000702143	4.1487140656
2642.3521342278	1.0000605583	4.1488742828
2643.3521914482	1.0000627041	4.1490511894
2644.3522486687	1.0000668764	4.1492252350
2645.3523058891	1.0000611544	4.1494026184
2646.3523626328	1.0000662804	4.1495604515
2647.3524198532	1.0000717640	4.1497373581
2648.3524770737	1.0000662804	4.1499238014
2649.3525342941	1.0000641346	4.1500926018
2650.3525915146	1.0000624657	4.1502552032
2651.3526487350	1.0000681877	4.1504335403
2652.3517060280	1.0000673532	4.1506252289
2653.3517627716	1.0000693798	4.1507887840
2654.3518204689	1.0000654459	4.1509647369
2655.3518772125	1.0000666380	4.1511216164
2656.3519349098	1.0000685453	4.1512999535
2657.3519916534	1.0000674725	4.1514816284
2658.3520493507	1.0000654459	4.1516575813
2659.3521060944	1.0000693798	4.1518311501
2660.3521637917	1.0000693798	4.1520195007
2661.3522205353	1.0000625849	4.1521763802
2662.3522782326	1.0000716448	4.1523523331
2663.3523349762	1.0000669956	4.1525235176
2664.3523926735	1.0000640154	4.1527318954
2665.3524494171	1.0000685453	4.1528840065
2666.3525066376	1.0000686646	4.1530737877
2667.3525638580	1.0000696182	4.1532392502
2668.3526210785	1.0000668764	4.1534128189
2669.3526782990	1.0000680685	4.1535954475
2670.3517351151	1.0000708103	4.1537690163
2671.3517923355	1.0000654459	4.1539325714
2672.3518495560	1.0000636578	4.1540875435
2673.3519067764	1.0000759363	4.1542763710
2674.3519639969	1.0000753403	4.1544523239
2675.3520212173	1.0000710487	4.1546392441
2676.3520784378	1.0000718832	4.1548056602
2677.3521356583	1.0000741482	4.1549792290
2678.3521928787	1.0000693798	4.1551580429
2679.3522500992	1.0000669956	4.1553268433
2680.3523073196	1.0000689030	4.1555137634
2681.3523645401	1.0000677109	4.1556873322
2682.3524217606	1.0000702143	4.1558785439
2683.3524789810	1.0000716448	4.1560544968
2684.3525362015	1.0000672340	4.1562309265
2685.3525934219	1.0000662804	4.1563906670
2686.3526506424	1.0000700951	4.1565852165
2687.3517074585	1.0000693798	4.1567707062
2688.3517646790	1.0000654459	4.1569399834
2689.3518218994	1.0000674725	4.1571197510
2690.3518791199	1.0000720024	4.1572995186
2691.3519363403	1.0000692606	4.1574788094
2692.3519935608	1.0000623465	4.1576600075
2693.3520507813	1.0000705719	4.1578435898
2694.3521080017	1.0000673532	4.1580028534
2695.3521652222	1.0000679493	4.1581912041
2696.3522224426	1.0000672340	4.1583642960
2697.3522796631	1.0000693798	4.1585402489
2698.3523368835	1.0000672340	4.1587409973
2699.3523941040	1.0000685453	4.1588983536
2700.3524513245	1.0000704527	4.1590914726
2701.3525085449	1.0000656843	4.1592693329
2702.3525657654	1.0000674725	4.1594400406
2703.3526229858	1.0000659227	4.1596188545
2704.3526802063	1.0000673532	4.1598119736
2705.3517374992	1.0000627041	4.1599822044
2706.3517942429	1.0000685453	4.1601634026
2707.3518514633	1.0000665188	4.1603527069
2708.3519086838	1.0000649691	4.1605262756
2709.3519659042	1.0000698566	4.1607089043
2710.3520231247	1.0000691414	4.1608948708
2711.3520803452	1.0000679493	4.1610794067
2712.3521375656	1.0000665188	4.1612348557
2713.3521947861	1.0000672340	4.1614284515
2714.3522520065	1.0000622272	4.1616144180
2715.3523092270	1.0000673532	4.1618084908
2716.3523664474	1.0000742674	4.1619853973
2717.3524236679	1.0000748634	4.1621780396
2718.3524808884	1.0000654459	4.1623497009
2719.3525381088	1.0000710487	4.1625404358
2720.3525953293	1.0000652075	4.1627044678
2721.3526525497	1.0000708103	4.1628904343
2722.3517098427	1.0000673532	4.1630864143
2723.3517670631	1.0000615120	4.1632595062
2724.3518242836	1.0000703335	4.1634402275
2725.3518810272	1.0000658035	4.1636323929
2726.3519382477	1.0000638962	4.1638293266
2727.3519954681	1.0000659227	4.1640048027
2728.3520526886	1.0000650883	4.1641931534
2729.3521099091	1.0000623465	4.1643700600
2730.3521671295	1.0000683069	4.1645507813
2731.3522243500	1.0000741482	4.1647429466
2732.3522815704	1.0000594854	4.1649241447
2733.3523387909	1.0000642538	4.1651115417
2734.3523960114	1.0000675917	4.1652984619
2735.3524532318	1.0000658035	4.1654901505
2736.3525104523	1.0000647306	4.1656675339
2737.3525676727	1.0000630617	4.1658449173
2738.3526248932	1.0000653267	4.1660566330
2739.3526821136	1.0000634193	4.1662368774
2740.3517394066	1.0000625849	4.1664233208
2741.3517966270	1.0000704527	4.1666059494
2742.3518538475	1.0000654459	4.1667900085
2743.3519110680	1.0000644922	4.1669874191
2744.3519682884	1.0000685453	4.1671624184
2745.3520250320	1.0000687838	4.1673479080
2746.3520822525	1.0000696182	4.1675477028
2747.3521394730	1.0000689030	4.1677508354
2748.3521966934	1.0000679493	4.1679372787
2749.3522539139	1.0000665188	4.1681342125
2750.3523111343	1.0000619888	4.1683125496
2751.3523683548	1.0000686646	4.1685113907
2752.3524255753	1.0000663996	4.1687116623
2753.3524827957	1.0000641346	4.1688871384
2754.3525400162	1.0000661612	4.1690764427
2755.3525972366	1.0000689030	4.1692624092
2756.3526544571	1.0000625849	4.1694564819
2757.3517117500	1.0000667572	4.1696529388
2758.3517689705	1.0000716448	4.1698412895
2759.3518261909	1.0000646114	4.1700339317
2760.3518834114	1.0000633001	4.1702165604
2761.3519406319	1.0000684261	4.1704311371
2762.3519978523	1.0000654459	4.1706275940
2763.3520550728	1.0000668764	4.1708154678
2764.3521122932	1.0000656843	4.1709904671
2765.3521690369	1.0000647306	4.1711935997
2766.3522262573	1.0000625849	4.1713905334
2767.3522834778	1.0000691414	4.1715846062
2768.3523406982	1.0000717640	4.1717767715
2769.3523979187	1.0000649691	4.1719775200
2770.3524551392	1.0000637770	4.1721882820
2771.3525123596	1.0000636578	4.1723756790
2772.3525695801	1.0000666380	4.1725831032
2773.3526268005	1.0000681877	4.1727862358
2774.3526840210	1.0000633001	4.1729617119
2775.3517413139	1.0000693798	4.1731777191
2776.3517980576	1.0000724792	4.1733846664
2777.3518557549	1.0000685453	4.1735773087
2778.3519124985	1.0000650883	4.1737537384
2779.3519701958	1.0000706911	4.1739640236
2780.3520269394	1.0000672340	4.1741499901
2781.3520846367	1.0000675917	4.1743535995
2782.3521413803	1.0000677109	4.1745600700
2783.3521990776	1.0000649691	4.1747655869
2784.3522558212	1.0000665188	4.1749649048
2785.3523130417	1.0000677109	4.1751585007
2786.3523702621	1.0000683069	4.1753635406
2787.3524274826	1.0000647306	4.1755685806
2788.3524847031	1.0000662804	4.1757688522
2789.3525419235	1.0000694990	4.1759667397
2790.3525986671	1.0000656843	4.1761703491
2791.3526563644	1.0000678301	4.1763815880
2792.3517131805	1.0000661612	4.1765718460
2793.3517704010	1.0000675917	4.1767816544
2794.3518276215	1.0000619888	4.1769576073
2795.3518848419	1.0000642538	4.1771678925
2796.3519420624	1.0000698566	4.1773829460
2797.3519992828	1.0000672340	4.1775851250
2798.3520565033	1.0000634193	4.1777839661
2799.3521137238	1.0000672340	4.1780023575
2800.3521709442	1.0000706911	4.1781911850
2801.3522281647	1.0000680685	4.1784319878
2802.3522853851	1.0000699759	4.1786413193
2803.3523426056	1.0000640154	4.1788334846
2804.3523998260	1.0000672340	4.1790485382
2805.3524570465	1.0000672340	4.1792535782
2806.3525142670	1.0000684261	4.1794610023
2807.3525714874	1.0000667572	4.1796803474
2808.3526282310	1.0000761747	4.1798872948
2809.3526854515	1.0000739098	4.1800985336
2810.3517427444	1.0000697374	4.1803126335
2811.3517999649	1.0000727177	4.1805162430
2812.3518571854	1.0000689030	4.1807074547
2813.3519144058	1.0000654459	4.1809473038
2814.3519716263	1.0000658035	4.1811308861
2815.3520288467	1.0000652075	4.1813516617
2816.3520860672	1.0000592470	4.1815543175
2817.3521432877	1.0000671148	4.1817822456
2818.3522005081	1.0000613928	4.1819972992
2819.3522577286	1.0000621080	4.1822113991
2820.3523149490	1.0000600815	4.1824226379
2821.3523721695	1.0000643730	4.1826353073
2822.3524293900	1.0000666380	4.1828546524
2823.3524866104	1.0000646114	4.1830906868
2824.3525438309	1.0000654459	4.1832995415
2825.3526010513	1.0000675917	4.1835160255
2826.3526582718	1.0000628233	4.1837306023
2827.3517150879	1.0000689030	4.1839385033
2828.3517723083	1.0000727177	4.1841597557
2829.3518295288	1.0000649691	4.1843814850
2830.3518867493	1.0000623465	4.1846065521
2831.3519439697	1.0000712872	4.1848220825
2832.3520011902	1.0000667572	4.1850404739
2833.3520584106	1.0000643730	4.1852693558
2834.3521156311	1.0000667572	4.1854782104
2835.3521728516	1.0000699759	4.1857166290
2836.3522300720	1.0000668764	4.1859450340
2837.3522872925	1.0000616312	4.1861596107
2838.3523445129	1.0000631809	4.1863713264
2839.3524017334	1.0000650883	4.1866221428
2840.3524589539	1.0000665188	4.1868362427
2841.3525161743	1.0000681877	4.1870636940
2842.3525733948	1.0000628233	4.1872930527
2843.3526306152	1.0000631809	4.1875100136
2844.3526878357	1.0000669956	4.1877322197
2845.3517446518	1.0000703335	4.1879777908
2846.3518018723	1.0000649691	4.1882014275
2847.3518590927	1.0000627041	4.1884279251
2848.3519163132	1.0000653267	4.1886501312
2849.3519735336	1.0000662804	4.1888637543
2850.3520307541	1.0000633001	4.1891059875
2851.3520879745	1.0000594854	4.1893324852
2852.3521451950	1.0000669956	4.1895675659
2853.3522024155	1.0000618696	4.1897907257
2854.3522596359	1.0000571012	4.1900115013
2855.3523168564	1.0000673532	4.1902694702
2856.3523740768	1.0000615120	4.1904935837
2857.3524312973	1.0000640154	4.1907272339
2858.3524885178	1.0000656843	4.1909470558
2859.3525457382	1.0000673532	4.1912026405
2860.3526029587	1.0000660419	4.1914367676
2861.3526601791	1.0000650883	4.1916632652
2862.3517174721	1.0000699759	4.1919002533
2863.3517746925	1.0000640154	4.1921343803
2864.3518314362	1.0000700951	4.1923670769
2865.3518886566	1.0000731945	4.1926198006
2866.3519458771	1.0000671148	4.1928496361
2867.3520030975	1.0000663996	4.1930685043
2868.3520603180	1.0000685453	4.1933107376
2869.3521175385	1.0000662804	4.1935534477
2870.3521747589	1.0000654459	4.1937923431
2871.3522319794	1.0000735521	4.1940369606
2872.3522891998	1.0000734329	4.1942882538
2873.3523464203	1.0000663996	4.1945195198
2874.3524036407	1.0000728369	4.1947741508
2875.3524608612	1.0000702143	4.1949987411
2876.3525180817	1.0000675917	4.1952643394
2877.3525753021	1.0000659227	4.1954874992
2878.3526325226	1.0000672340	4.1957330704
2879.3526897430	1.0000654459	4.1959838867
2880.3517470360	1.0000649691	4.1962370872
2881.3518042564	1.0000689030	4.1964826584
2882.3518614769	1.0000665188	4.1967306137
2883.3519186974	1.0000685453	4.1969704628
2884.3519754410	1.0000721216	4.1972322464
2885.3520326614	1.0000668764	4.1974873543
2886.3520898819	1.0000661612	4.1977353096
2887.3521471024	1.0000685453	4.1979823112
2888.3522043228	1.0000722408	4.1982584000
2889.3522615433	1.0000675917	4.1984767914
2890.3523187637	1.0000725985	4.1987333298
2891.3523759842	1.0000693798	4.1989874840
2892.3524332047	1.0000724792	4.1992211342
2893.3524904251	1.0000685453	4.1994776726
2894.3525476456	1.0000680685	4.1997380257
2895.3526048660	1.0000686646	4.2000050545
2896.5336723328	0.9962938428	4.1995325089
2897.5327291489	0.9930511117	4.1995325089
2898.5327863693	0.9908322096	4.1995325089
2899.5328435898	0.9885787368	4.1995325089
2900.5329008102	0.9865652919	4.1995325089
2901.5329580307	0.9844992757	4.1995325089
2902.5330152512	0.9825885296	4.1995325089
2903.5330724716	0.9806749225	4.1995325089
2904.5331296921	0.9788176417	4.1995325089
2905.5331869125	0.9771116376	4.1995325089
2906.5332441330	0.9753972292	4.1995325089
2907.5333013535	0.9734735489	4.1995325089
2908.5333585739	0.9715881944	4.1995325089
2909.5334157944	0.9699016213	4.1995325089
2910.5334730148	0.9680957198	4.1995325089
2911.5335302353	0.9664155841	4.1995325089
2912.5335874557	0.9647836685	4.1995325089
2913.5336446762	0.9631752372	4.1995325089
2914.5327014923	0.9614502192	4.1995325089
2915.5327587128	0.9597596526	4.1995325089
2916.5328159332	0.9580757618	4.1995325089
2917.5328731537	0.9563317895	4.1995325089
2918.5329303741	0.9546806216	4.1995325089
2919.5329875946	0.9529559016	4.1995325089
2920.5330448151	0.9514616132	4.1995325089
2921.5331020355	0.9499067664	4.1995325089
2922.5331592560	0.9482908249	4.1995325089
2923.5332164764	0.9467248321	4.1995325089
2924.5332736969	0.9452384114	4.1995325089
2925.5333309174	0.9436821938	4.1995325089
2926.5333881378	0.9420088530	4.1995325089
2927.5334453583	0.9405188560	4.1995325089
2928.5335025787	0.9389864802	4.1995325089
2929.5335597992	0.9373100400	4.1995325089
2930.5336170197	0.9359046817	4.1995325089
2931.5336742401	0.9342443943	4.1995325089
2932.5327310562	0.9328296781	4.1995325089
2933.5327882767	0.9313434958	4.1995325089
2934.5328454971	0.9297798276	4.1995325089
2935.5329027176	0.9283328056	4.1995325089
2936.5329599380	0.9269022942	4.1995325089
2937.5330171585	0.9251848459	4.1995325089
2938.5330743790	0.9237451553	4.1995325089
2939.5331315994	0.9223534465	4.1995325089
2940.5331888199	0.9208180308	4.1995325089
2941.5332460403	0.9193418622	4.1995325089
2942.5333032608	0.9178725481	4.1995325089
2943.5333604813	0.9163525701	4.1995325089
2944.5334177017	0.9151576757	4.1995325089
2945.5334749222	0.9135032892	4.1995325089
2946.5335321426	0.9121351242	4.1995325089
2947.5335893631	0.9108577967	4.1995325089
2948.5336465836	0.9092949629	4.1995325089
2949.5327038765	0.9077501893	4.1995325089
2950.5327610970	0.9064040780	4.1995325089
2951.5328178406	0.9048640728	4.1995325089
2952.5328750610	0.9035544991	4.1995325089
2953.5329322815	0.9021260142	4.1995325089
2954.5329895020	0.9007290602	4.1995325089
2955.5330467224	0.8994747996	4.1995325089
2956.5331039429	0.8978685737	4.1995325089
2957.5331611633	0.8964787126	4.1995325089
2958.5332183838	0.8952213526	4.1995325089
2959.5332756042	0.8938275576	4.1995325089
2960.5333328247	0.8924313784	4.1995325089
2961.5333900452	0.8911364675	4.1995325089
2962.5334472656	0.8896339536	4.1995325089
2963.5335044861	0.8882373571	4.1995325089
2964.5335617065	0.8867745399	4.1995325089
2965.5336189270	0.8854886889	4.1995325089
2966.5336761475	0.8841153979	4.1995325089
2967.5327334404	0.8826398849	4.1995325089
2968.5327906609	0.8813810945	4.1995325089
2969.5328478813	0.8799995184	4.1995325089
2970.5329051018	0.8786461949	4.1995325089
2971.5329618454	0.8771464229	4.1995325089
2972.5330190659	0.8757386804	4.1995325089
2973.5330762863	0.8744230270	4.1995325089
2974.5331335068	0.8730988503	4.1995325089
2975.5331907272	0.8717866540	4.1995325089
2976.5332479477	0.8704665303	4.1995325089
2977.5333051682	0.8689764738	4.1995325089
2978.5333623886	0.8674948812	4.1995325089
2979.5334196091	0.8661502004	4.1995325089
2980.5334768295	0.8650121093	4.1995325089
2981.5335340500	0.8636564612	4.1995325089
2982.5335912704	0.8621118069	4.1995325089
2983.5336484909	0.8608329892	4.1995325089
2984.5327057838	0.8595321774	4.1995325089
2985.5327630043	0.8581574559	4.1995325089
2986.5328202248	0.8568878174	4.1995325089
2987.5328774452	0.8556766510	4.1995325089
2988.5329346657	0.8542563319	4.1995325089
2989.5329918861	0.8528969288	4.1995325089
2990.5330486298	0.8515055180	4.1995325089
2991.5331058502	0.8501619101	4.1995325089
2992.5331630707	0.8489989042	4.1995325089
2993.5332202911	0.8475229144	4.1995325089
2994.5332775116	0.8461970091	4.1995325089
2995.5333347321	0.8450042009	4.1995325089
2996.5333919525	0.8436434865	4.1995325089
2997.5334491730	0.8421587944	4.1995325089
2998.5335063934	0.8409257531	4.1995325089
2999.5335636139	0.8397304416	4.1995325089
3000.5336208344	0.8383184671	4.1995325089
3001.5336780548	0.8370856643	4.1995325089
3002.5327348709	0.8357487321	4.1995325089
3003.5327925682	0.8345236182	4.1995325089
3004.5328493118	0.8331680298	4.1995325089
3005.5329070091	0.8318715096	4.1995325089
3006.5329637527	0.8304836154	4.1995325089
3007.5330214500	0.8292402029	4.1995325089
3008.5330781937	0.8279166222	4.1995325089
3009.5331358910	0.8266304731	4.1995325089
3010.5331926346	0.8254519105	4.1995325089
3011.5332498550	0.8241061568	4.1995325089
3012.5333070755	0.8228885531	4.1995325089
3013.5333642960	0.8217188716	4.1995325089
3014.5334210396	0.8204262853	4.1995325089
3015.5334787369	0.8191007972	4.1995325089
3016.5335354805	0.8176470995	4.1995325089
3017.5335931778	0.8163070083	4.1995325089
3018.5336499214	0.8151199222	4.1995325089
3019.5327072144	0.8138714433	4.1995325089
3020.5327644348	0.8126494884	4.1995325089
3021.5328216553	0.8112715483	4.1995325089
3022.5328788757	0.8099808097	4.1995325089
3023.5329360962	0.8086330295	4.1995325089
3024.5329933167	0.8075034618	4.1995325089
3025.5330505371	0.8062624335	4.1995325089
3026.5331077576	0.8048561811	4.1995325089
3027.5331649780	0.8037506938	4.1995325089
3028.5332221985	0.8023613691	4.1995325089
3029.5332794189	0.8012412786	4.1995325089
3030.5333366394	0.7998168468	4.1995325089
3031.5333938599	0.7985697985	4.1995325089
3032.5334510803	0.7973915935	4.1995325089
3033.5335083008	0.7961280942	4.1995325089
3034.5335650444	0.7948205471	4.1995325089
3035.5336222649	0.7936052680	4.1995325089
3036.5336794853	0.7924152613	4.1995325089
3037.5327367783	0.7912514210	4.1995325089
3038.5327939987	0.7898292542	4.1995325089
3039.5328512192	0.7889038324	4.1995325089
3040.5329084396	0.7875763178	4.1995325089
3041.5329656601	0.7862989306	4.1995325089
3042.5330228806	0.7851016521	4.1995325089
3043.5330801010	0.7839408517	4.1995325089
3044.5331373215	0.7825899124	4.1995325089
3045.5331945419	0.7814704180	4.1995325089
3046.5332517624	0.7802696824	4.1995325089
3047.5333089828	0.7790855169	4.1995325089
3048.5333662033	0.7776694894	4.1995325089
3049.5334234238	0.7764694691	4.1995325089
3050.5334806442	0.7752810121	4.1995325089
3051.5335378647	0.7739935517	4.1995325089
3052.5335950851	0.7728582025	4.1995325089
3053.5336518288	0.7715886831	4.1995325089
3054.5327091217	0.7704436779	4.1995325089
3055.5327663422	0.7693658471	4.1995325089
3056.5328235626	0.7680009604	4.1995325089
3057.5328807831	0.7669464946	4.1995325089
3058.5329380035	0.7657709122	4.1995325089
3059.5329952240	0.7645558119	4.1995325089
3060.5330524445	0.7635612488	4.1995325089
3061.5331096649	0.7621703744	4.1995325089
3062.5331668854	0.7610145807	4.1995325089
3063.5332241058	0.7597955465	4.1995325089
3064.5332813263	0.7586256266	4.1995325089
3065.5333385468	0.7575472593	4.1995325089
3066.5333957672	0.7561870217	4.1995325089
3067.5334529877	0.7548942566	4.1995325089
3068.5335102081	0.7538749576	4.1995325089
3069.5335674286	0.7525385618	4.1995325089
3070.5336246490	0.7515452504	4.1995325089
3071.5336818695	0.7503391504	4.1995325089
3072.5327386856	0.7491906881	4.1995325089
3073.5327959061	0.7480187416	4.1995325089
3074.5328531265	0.7467759848	4.1995325089
3075.5329103470	0.7456489801	4.1995325089
3076.5329675674	0.7445673347	4.1995325089
3077.5330247879	0.7433126569	4.1995325089
3078.5330820084	0.7421369553	4.1995325089
3079.5331392288	0.7409771085	4.1995325089
3080.5331964493	0.7398935556	4.1995325089
3081.5332536697	0.7389225364	4.1995325089
3082.5333108902	0.7375673652	4.1995325089
3083.5333681107	0.7365437150	4.1995325089
3084.5334253311	0.7351914644	4.1995325089
3085.5334825516	0.7342169881	4.1995325089
3086.5335397720	0.7330253720	4.1995325089
3087.5335969925	0.7317304611	4.1995325089
3088.5336542130	0.7307471037	4.1995325089
3089.5327110291	0.7295224667	4.1995325089
3090.5327682495	0.7285559773	4.1995325089
3091.5328254700	0.7273258567	4.1995325089
3092.5328826904	0.7261653543	4.1995325089
3093.5329399109	0.7252061963	4.1995325089
3094.5329971313	0.7240430713	4.1995325089
3095.5330543518	0.7228216529	4.1995325089
3096.5331115723	0.7216813564	4.1995325089
3097.5331687927	0.7208178639	4.1995325089
3098.5332260132	0.7196277380	4.1995325089
3099.5332832336	0.7185913324	4.1995325089
3100.5333404541	0.7174209952	4.1995325089
3101.5333976746	0.7162501216	4.1995325089
3102.5334548950	0.7151067853	4.1995325089
3103.5335121155	0.7140040994	4.1995325089
3104.5335693359	0.7131157517	4.1995325089
3105.5336265564	0.7119638324	4.1995325089
3106.5336837769	0.7108069062	4.1995325089
3107.5327410698	0.7097613215	4.1995325089
3108.5327982903	0.7087334394	4.1995325089
3109.5328550339	0.7075716853	4.1995325089
3110.5329122543	0.7064901590	4.1995325089
3111.5329694748	0.7055515647	4.1995325089
3112.5330266953	0.7043656707	4.1995325089
3113.5330839157	0.7033326626	4.1995325089
3114.5331411362	0.7022690773	4.1995325089
3115.5331983566	0.7010715604	4.1995325089
3116.5332555771	0.6999208927	4.1995325089
3117.5333127975	0.6988965273	4.1995325089
3118.5333700180	0.6979510784	4.1995325089
3119.5334272385	0.6968075633	4.1995325089
3120.5334844589	0.6956639886	4.1995325089
3121.5335416794	0.6948872209	4.1995325089
3122.5335988998	0.6936903000	4.1995325089
3123.5336561203	0.6926661730	4.1995325089
3124.5327134132	0.6916551590	4.1995325089
3125.5327701569	0.6906558871	4.1995325089
3126.5328278542	0.6896660924	4.1995325089
3127.5328845978	0.6886106133	4.1995325089
3128.5329422951	0.6876116395	4.1995325089
3129.5329990387	0.6864691377	4.1995325089
3130.5330562592	0.6854313016	4.1995325089
3131.5331134796	0.6843618751	4.1995325089
3132.5331707001	0.6834301949	4.1995325089
3133.5332274437	0.6825681925	4.1995325089
3134.5332851410	0.6814059615	4.1995325089
3135.5333418846	0.6803461909	4.1995325089
3136.5333995819	0.6793241501	4.1995325089
3137.5334563255	0.6782419682	4.1995325089
3138.5335140228	0.6774085760	4.1995325089
3139.5335707664	0.6763622165	4.1995325089
3140.5336284637	0.6754926443	4.1995325089
3141.5336852074	0.6742883921	4.1995325089
3142.5327425003	0.6734461188	4.1995325089
3143.5327997208	0.6723250151	4.1995325089
3144.5328569412	0.6712816954	4.1995325089
3145.5329141617	0.6703413129	4.1995325089
3146.5329713821	0.6693350673	4.1995325089
3147.5330286026	0.6684005857	4.1995325089
3148.5330858231	0.6673866510	4.1995325089
3149.5331430435	0.6663339138	4.1995325089
3150.5332002640	0.6654713750	4.1995325089
3151.5332574844	0.6643615365	4.1995325089
3152.5333142281	0.6635149121	4.1995325089
3153.5333714485	0.6625459194	4.1995325089
3154.5334286690	0.6615661979	4.1995325089
3155.5334858894	0.6606917381	4.1995325089
3156.5335431099	0.6596624255	4.1995325089
3157.5336003304	0.6588474512	4.1995325089
3158.5336575508	0.6578155756	4.1995325089
3159.5327148438	0.6569154263	4.1995325089
3160.5327720642	0.6557888985	4.1995325089
3161.5328292847	0.6547445059	4.1995325089
3162.5328865051	0.6539834142	4.1995325089
3163.5329437256	0.6529012918	4.1995325089
3164.5330009460	0.6519175172	4.1995325089
3165.5330581665	0.6510734558	4.1995325089
3166.5331153870	0.6501569152	4.1995325089
3167.5331726074	0.6492357850	4.1995325089
3168.5332298279	0.6483295560	4.1995325089
3169.5332870483	0.6472509503	4.1995325089
3170.5333442688	0.6464173794	4.1995325089
3171.5334014893	0.6454566717	4.1995325089
3172.5334582329	0.6445215940	4.1995325089
3173.5335154533	0.6436510682	4.1995325089
3174.5335726738	0.6427040696	4.1995325089
3175.5336298943	0.6418514848	4.1995325089
3176.5336871147	0.6408008933	4.1995325089
3177.5327444077	0.6399706602	4.1995325089
3178.5328016281	0.6390547752	4.1995325089
3179.5328588486	0.6381874681	4.1995325089
3180.5329160690	0.6371792555	4.1995325089
3181.5329732895	0.6362726092	4.1995325089
3182.5330305099	0.6354280710	4.1995325089
3183.5330877304	0.6345692873	4.1995325089
3184.5331449509	0.6335623860	4.1995325089
3185.5332021713	0.6327647567	4.1995325089
3186.5332593918	0.6318408847	4.1995325089
3187.5333166122	0.6309955716	4.1995325089
3188.5333738327	0.6300689578	4.1995325089
3189.5334310532	0.6293488741	4.1995325089
3190.5334882736	0.6284113526	4.1995325089
3191.5335454941	0.6275215745	4.1995325089
3192.5336022377	0.6265789866	4.1995325089
3193.5336594582	0.6257828474	4.1995325089
3194.5327167511	0.6250127554	4.1995325089
3195.5327739716	0.6240426302	4.1995325089
3196.5328311920	0.6232640147	4.1995325089
3197.5328884125	0.6224333048	4.1995325089
3198.5329456329	0.6215075254	4.1995325089
3199.5330028534	0.6207590699	4.1995325089
3200.5330600739	0.6198371053	4.1995325089
3201.5331172943	0.6189683080	4.1995325089
3202.5331745148	0.6179762483	4.1995325089
3203.5332317352	0.6170686483	4.1995325089
3204.5332889557	0.6163820624	4.1995325089
3205.5333461761	0.6154202223	4.1995325089
3206.5334033966	0.6146710515	4.1995325089
3207.5334606171	0.6138168573	4.1995325089
3208.5335178375	0.6129494309	4.1995325089
3209.5335750580	0.6122519970	4.1995325089
3210.5336322784	0.6113176346	4.1995325089
3211.5336894989	0.6106550694	4.1995325089
3212.5327463150	0.6097937226	4.1995325089
3213.5328035355	0.6088929176	4.1995325089
3214.5328607559	0.6081860662	4.1995325089
3215.5329179764	0.6072602272	4.1995325089
3216.5329751968	0.6064707041	4.1995325089
3217.5330324173	0.6055468321	4.1995325089
3218.5330896378	0.6046823263	4.1995325089
3219.5331468582	0.6039608717	4.1995325089
3220.5332040787	0.6031533480	4.1995325089
3221.5332612991	0.6022684574	4.1995325089
3222.5333185196	0.6014922261	4.1995325089
3223.5333757401	0.6006413698	4.1995325089
3224.5334329605	0.5999553204	4.1995325089
3225.5334901810	0.5990825891	4.1995325089
3226.5335474014	0.5984442830	4.1995325089
3227.5336046219	0.5975031853	4.1995325089
3228.5336618423	0.5966991782	4.1995325089
3229.5327186584	0.5961450338	4.1995325089
3230.5327758789	0.5951582789	4.1995325089
3231.5328330994	0.5944007635	4.1995325089
3232.5328903198	0.5936765075	4.1995325089
3233.5329475403	0.5929083824	4.1995325089
3234.5330047607	0.5920616984	4.1995325089
3235.5330619812	0.5913884640	4.1995325089
3236.5331192017	0.5903664827	4.1995325089
3237.5331764221	0.5897075534	4.1995325089
3238.5332336426	0.5889232159	4.1995325089
3239.5332908630	0.5880836248	4.1995325089
3240.5333480835	0.5874990821	4.1995325089
3241.5334053040	0.5865571499	4.1995325089
3242.5334625244	0.5859243870	4.1995325089
3243.5335197449	0.5850350857	4.1995325089
3244.5335769653	0.5843286514	4.1995325089
3245.5336341858	0.5834886432	4.1995325089
3246.5336914063	0.5828969479	4.1995325089
3247.5327486992	0.5819914937	4.1995325089
3248.5328054428	0.5814093947	4.1995325089
3249.5328626633	0.5804982781	4.1995325089
3250.5329198837	0.5796569586	4.1995325089
3251.5329771042	0.5789529681	4.1995325089
3252.5330338478	0.5781666040	4.1995325089
3253.5330915451	0.5774101615	4.1995325089
3254.5331482887	0.5767154098	4.1995325089
3255.5332059860	0.5758585930	4.1995325089
3256.5332627296	0.5752748251	4.1995325089
3257.5333204269	0.5745616555	4.1995325089
3258.5333771706	0.5738939047	4.1995325089
3259.5334348679	0.5731045008	4.1995325089
3260.5334916115	0.5723168254	4.1995325089
3261.5335493088	0.5716581345	4.1995325089
3262.5336060524	0.5709160566	4.1995325089
3263.5336637497	0.5704155564	4.1995325089
3264.5327205658	0.5695157051	4.1995325089
3265.5327777863	0.5687265992	4.1995325089
3266.5328350067	0.5680492520	4.1995325089
3267.5328922272	0.5674933195	4.1995325089
3268.5329494476	0.5666668415	4.1995325089
3269.5330066681	0.5659167171	4.1995325089
3270.5330638885	0.5652173162	4.1995325089
3271.5331206322	0.5645458698	4.1995325089
3272.5331778526	0.5637143254	4.1995325089
3273.5332350731	0.5631271005	4.1995325089
3274.5332922935	0.5623123646	4.1995325089
3275.5333495140	0.5618701577	4.1995325089
3276.5334067345	0.5609699488	4.1995325089
3277.5334639549	0.5601631403	4.1995325089
3278.5335211754	0.5596548915	4.1995325089
3279.5335783958	0.5589003563	4.1995325089
3280.5336356163	0.5582308769	4.1995325089
3281.5326929092	0.5575130582	4.1995325089
3282.5327501297	0.5568790436	4.1995325089
3283.5328073502	0.5562175512	4.1995325089
3284.5328645706	0.5555632710	4.1995325089
3285.5329217911	0.5547940135	4.1995325089
3286.5329790115	0.5541018248	4.1995325089
3287.5330362320	0.5534839034	4.1995325089
3288.5330934525	0.5527919531	4.1995325089
3289.5331506729	0.5521150827	4.1995325089
3290.5332078934	0.5512924790	4.1995325089
3291.5332646370	0.5508642197	4.1995325089
3292.5333218575	0.5499791503	4.1995325089
3293.5333790779	0.5494405031	4.1995325089
3294.5334362984	0.5487440825	4.1995325089
3295.5334935188	0.5481615663	4.1995325089
3296.5335507393	0.5474569201	4.1995325089
3297.5336079597	0.5468026400	4.1995325089
3298.5336651802	0.5460814834	4.1995325089
3299.5327224731	0.5452816486	4.1995325089
3300.5327796936	0.5447576046	4.1995325089
3301.5328369141	0.5440469980	4.1995325089
3302.5328941345	0.5434153676	4.1995325089
3303.5329513550	0.5427832603	4.1995325089
3304.5330085754	0.5421097875	4.1995325089
3305.5330657959	0.5415204763	4.1995325089
3306.5331230164	0.5406990051	4.1995325089
3307.5331802368	0.5400648713	4.1995325089
3308.5332374573	0.5394653082	4.1995325089
3309.5332946777	0.5389219522	4.1995325089
3310.5333518982	0.5381770730	4.1995325089
3311.5334086418	0.5376353264	4.1995325089
3312.5334658623	0.5368827581	4.1995325089
3313.5335230827	0.5361751914	4.1995325089
3314.5335803032	0.5356210470	4.1995325089
3315.5336375237	0.5349303484	4.1995325089
3316.5326948166	0.5341129303	4.1995325089
3317.5327520370	0.5334910154	4.1995325089
3318.5328092575	0.5327935815	4.1995325089
3319.5328664780	0.5324085951	4.1995325089
3320.5329236984	0.5315772295	4.1995325089
3321.5329809189	0.5311090946	4.1995325089
3322.5330381393	0.5302701592	4.1995325089
3323.5330953598	0.5296800137	4.1995325089
3324.5331525803	0.5291814208	4.1995325089
3325.5332098007	0.5285320282	4.1995325089
3326.5332670212	0.5278106332	4.1995325089
3327.5333242416	0.5271477103	4.1995325089
3328.5333814621	0.5268228054	4.1995325089
3329.5334386826	0.5259981155	4.1995325089
3330.5334959030	0.5254859328	4.1995325089
3331.5335526466	0.5248107314	4.1995325089
3332.5336098671	0.5242489576	4.1995325089
3333.5336670876	0.5234930515	4.1995325089
3334.5327243805	0.5229912996	4.1995325089
3335.5327816010	0.5223669410	4.1995325089
3336.5328388214	0.5217447877	4.1995325089
3337.5328960419	0.5212005377	4.1995325089
3338.5329532623	0.5206133723	4.1995325089
3339.5330104828	0.5200514793	4.1995325089
3340.5330677032	0.5193555355	4.1995325089
3341.5331249237	0.5187641382	4.1995325089
3342.5331821442	0.5181676149	4.1995325089
3343.5332393646	0.5175091028	4.1995325089
3344.5332965851	0.5169983506	4.1995325089
3345.5333538055	0.5162957907	4.1995325089
3346.5334110260	0.5156069994	4.1995325089
3347.5334682465	0.5151032209	4.1995325089
3348.5335254669	0.5143925548	4.1995325089
3349.5335826874	0.5138939619	4.1995325089
3350.5336394310	0.5132233500	4.1995325089
3351.5326967239	0.5126946568	4.1995325089
3352.5327539444	0.5121422410	4.1995325089
3353.5328111649	0.5114976168	4.1995325089
3354.5328683853	0.5109763145	4.1995325089
3355.5329256058	0.5103920698	4.1995325089
3356.5329828262	0.5098358989	4.1995325089
3357.5330400467	0.5091631413	4.1995325089
3358.5330972672	0.5085852742	4.1995325089
3359.5331544876	0.5079753399	4.1995325089
3360.5332117081	0.5075006485	4.1995325089
3361.5332689285	0.5067818761	4.1995325089
3362.5333261490	0.5061663389	4.1995325089
3363.5333833694	0.5055989623	4.1995325089
3364.5334405899	0.5049872398	4.1995325089
3365.5334978104	0.5045317411	4.1995325089
3366.5335550308	0.5039381981	4.1995325089
3367.5336122513	0.5033863783	4.1995325089
3368.5336694717	0.5028677583	4.1995325089
3369.5327262878	0.5023652315	4.1995325089
3370.5327835083	0.5017271042	4.1995325089
3371.5328402519	0.5008888841	4.1995325089
3372.5328979492	0.5004452467	4.1995325089
3373.5329546928	0.4999143183	4.1995325089
3374.5330123901	0.4993451238	4.1995325089
3375.5330691338	0.4986740947	4.1995325089
3376.5331268311	0.4982153773	4.1995325089
3377.5331835747	0.4976201057	4.1995325089
3378.5332412720	0.4971453249	4.1995325089
3379.5332980156	0.4966863692	4.1995325089
3380.5333557129	0.4961617887	4.1995325089
3381.5334124565	0.4955083430	4.1995325089
3382.5334701538	0.4949394763	4.1995325089
3383.5335268974	0.4943218529	4.1995325089
3384.5335845947	0.4938296974	4.1995325089
3385.5336413383	0.4932260215	4.1995325089
3386.5326986313	0.4927689135	4.1995325089
3387.5327558517	0.4922128916	4.1995325089
3388.5328130722	0.4916191995	4.1995325089
3389.5328702927	0.4909461439	4.1995325089
3390.5329270363	0.4903407395	4.1995325089
3391.5329842567	0.4897823334	4.1995325089
3392.5330414772	0.4893005788	4.1995325089
3393.5330986977	0.4886881113	4.1995325089
3394.5331559181	0.4882526398	4.1995325089
3395.5332131386	0.4875323176	4.1995325089
3396.5332703590	0.4870176613	4.1995325089
3397.5333275795	0.4865685701	4.1995325089
3398.5333848000	0.4859560430	4.1995325089
3399.5334420204	0.4855023324	4.1995325089
3400.5334992409	0.4849274755	4.1995325089
3401.5335564613	0.4843612909	4.1995325089
3402.5336136818	0.4838284850	4.1995325089
3403.5336709023	0.4833795130	4.1995325089
3404.5327281952	0.4827269018	4.1995325089
3405.5327854156	0.4822322428	4.1995325089
3406.5328426361	0.4815855324	4.1995325089
3407.5328998566	0.4811075628	4.1995325089
3408.5329570770	0.4806770384	4.1995325089
3409.5330142975	0.4800332785	4.1995325089
3410.5330710411	0.4794808328	4.1995325089
3411.5331282616	0.4789082706	4.1995325089
3412.5331854820	0.4785501361	4.1995325089
3413.5332427025	0.4778581560	4.1995325089
3414.5332999229	0.4773599505	4.1995325089
3415.5333571434	0.4767355025	4.1995325089
3416.5334143639	0.4763304889	4.1995325089
3417.5334715843	0.4757860303	4.1995325089
3418.5335288048	0.4753156602	4.1995325089
3419.5335860252	0.4746549129	4.1995325089
3420.5336432457	0.4741235077	4.1995325089
3421.5327005386	0.4737026393	4.1995325089
3422.5327577591	0.4729688168	4.1995325089
3423.5328149796	0.4724184275	4.1995325089
3424.5328722000	0.4719416499	4.1995325089
3425.5329294205	0.4714552462	4.1995325089
3426.5329866409	0.4711432159	4.1995325089
3427.5330438614	0.4704884291	4.1995325089
3428.5331010818	0.4699667096	4.1995325089
3429.5331583023	0.4694237709	4.1995325089
3430.5332150459	0.4689853489	4.1995325089
3431.5332722664	0.4684225917	4.1995325089
3432.5333294868	0.4678077698	4.1995325089
3433.5333867073	0.4673591852	4.1995325089
3434.5334439278	0.4668527246	4.1995325089
3435.5335011482	0.4663758874	4.1995325089
3436.5335583687	0.4658093154	4.1995325089
3437.5336155891	0.4652826786	4.1995325089
3438.5336728096	0.4646613598	4.1995325089
3439.5327301025	0.4642267227	4.1995325089
3440.5327873230	0.4636138380	4.1995325089
3441.5328445435	0.4632920623	4.1995325089
3442.5329017639	0.4626449049	4.1995325089
3443.5329589844	0.4620743692	4.1995325089
3444.5330162048	0.4615401030	4.1995325089
3445.5330734253	0.4611008167	4.1995325089
3446.5331306458	0.4606132507	4.1995325089
3447.5331878662	0.4600346088	4.1995325089
3448.5332450867	0.4594765902	4.1995325089
3449.5333018303	0.4589934647	4.1995325089
3450.5333590508	0.4586845636	4.1995325089
3451.5334162712	0.4580138624	4.1995325089
3452.5334734917	0.4576095939	4.1995325089
3453.5335307121	0.4571574926	4.1995325089
3454.5335879326	0.4566836357	4.1995325089
3455.5336451530	0.4562065601	4.1995325089
3456.5327024460	0.4556159675	4.1995325089
3457.5327596664	0.4550277293	4.1995325089
3458.5328168869	0.4545191228	4.1995325089
3459.5328741074	0.4540207386	4.1995325089
3460.5329313278	0.4534001052	4.1995325089
3461.5329885483	0.4530044496	4.1995325089
3462.5330457687	0.4525051713	4.1995325089
3463.5331029892	0.4519991577	4.1995325089
3464.5331602097	0.4515178502	4.1995325089
3465.5332174301	0.4509971142	4.1995325089
3466.5332746506	0.4505063891	4.1995325089
3467.5333318710	0.4500114620	4.1995325089
3468.5333890915	0.4495750070	4.1995325089
3469.5334458351	0.4490235448	4.1995325089
3470.5335030556	0.4486863315	4.1995325089
3471.5335602760	0.4480719566	4.1995325089
3472.5336174965	0.4475919306	4.1995325089
3473.5336747169	0.4470906556	4.1995325089
3474.5327320099	0.4466021955	4.1995325089
3475.5327892303	0.4461068809	4.1995325089
3476.5328464508	0.4457061887	4.1995325089
3477.5329036713	0.4449307621	4.1995325089
3478.5329608917	0.4445877671	4.1995325089
3479.5330181122	0.4439487755	4.1995325089
3480.5330753326	0.4434593320	4.1995325089
3481.5331325531	0.4430542290	4.1995325089
3482.5331897736	0.4426223934	4.1995325089
3483.5332469940	0.4420310557	4.1995325089
3484.5333042145	0.4416418374	4.1995325089
3485.5333614349	0.4410475194	4.1995325089
3486.5334186554	0.4405128360	4.1995325089
3487.5334758759	0.4400005639	4.1995325089
3488.5335330963	0.4394782484	4.1995325089
3489.5335898399	0.4390228391	4.1995325089
3490.5336470604	0.4387050271	4.1995325089
3491.5327043533	0.4380789995	4.1995325089
3492.5327610970	0.4375439882	4.1995325089
3493.5328187943	0.4370819330	4.1995325089
3494.5328755379	0.4365698695	4.1995325089
3495.5329332352	0.4359939992	4.1995325089
3496.5329899788	0.4354215562	4.1995325089
3497.5330476761	0.4350271523	4.1995325089
3498.5331044197	0.4346444309	4.1995325089
3499.5331621170	0.4341500700	4.1995325089
3500.5332188606	0.4336955547	4.1995325089
3501.5332765579	0.4331532121	4.1995325089
3502.5333333015	0.4325833023	4.1995325089
3503.5333909988	0.4322489202	4.1995325089
3504.5334477425	0.4318016768	4.1995325089
3505.5335054398	0.4314191043	4.1995325089
3506.5335621834	0.4307909310	4.1995325089
3507.5336198807	0.4303222895	4.1995325089
3508.5336766243	0.4297219217	4.1995325089
3509.5327334404	0.4294033647	4.1995325089
3510.5327906609	0.4288381636	4.1995325089
3511.5328478813	0.4283429384	4.1995325089
3512.5329051018	0.4278401136	4.1995325089
3513.5329623222	0.4273095429	4.1995325089
3514.5330195427	0.4269450605	4.1995325089
3515.5330767632	0.4264952838	4.1995325089
3516.5331339836	0.4260549843	4.1995325089
3517.5331912041	0.4255128503	4.1995325089
3518.5332484245	0.4250267744	4.1995325089
3519.5333056450	0.4245302081	4.1995325089
3520.5333628654	0.4242014587	4.1995325089
3521.5334200859	0.4235415757	4.1995325089
3522.5334773064	0.4231757820	4.1995325089
3523.5335345268	0.4226117432	4.1995325089
3524.5335917473	0.4220842123	4.1995325089
3525.5336489677	0.4215892851	4.1995325089
3526.5327062607	0.4211064875	4.1995325089
3527.5327634811	0.4205837250	4.1995325089
3528.5328207016	0.4202471972	4.1995325089
3529.5328774452	0.4198347330	4.1995325089
3530.5329346657	0.4192917347	4.1995325089
3531.5329918861	0.4186805487	4.1995325089
3532.5330491066	0.4183259606	4.1995325089
3533.5331063271	0.4179210961	4.1995325089
3534.5331635475	0.4175053537	4.1995325089
3535.5332207680	0.4169058502	4.1995325089
3536.5332779884	0.4164797366	4.1995325089
3537.5333352089	0.4159709215	4.1995325089
3538.5333924294	0.4154436588	4.1995325089
3539.5334496498	0.4149618447	4.1995325089
3540.5335068703	0.4144318700	4.1995325089
3541.5335640907	0.4140219390	4.1995325089
3542.5336213112	0.4136619270	4.1995325089
3543.5336785316	0.4130815566	4.1995325089
3544.5327358246	0.4128754735	4.1995325089
3545.5327930450	0.4122794271	4.1995325089
3546.5328502655	0.4117938280	4.1995325089
3547.5329074860	0.4111760259	4.1995325089
3548.5329642296	0.4107676148	4.1995325089
3549.5330214500	0.4103592336	4.1995325089
3550.5330786705	0.4097450674	4.1995325089
3551.5331358910	0.4092770815	4.1995325089
3552.5331931114	0.4088556767	4.1995325089
3553.5332503319	0.4085163772	4.1995325089
3554.5333075523	0.4080265760	4.1995325089
3555.5333647728	0.4075340629	4.1995325089
3556.5334219933	0.4069501460	4.1995325089
3557.5334792137	0.4065869451	4.1995325089
3558.5335364342	0.4059665203	4.1995325089
3559.5335936546	0.4054939747	4.1995325089
3560.5336508751	0.4051414728	4.1995325089
3561.5327081680	0.4046908617	4.1995325089
3562.5327653885	0.4042386413	4.1995325089
3563.5328226089	0.4038287401	4.1995325089
3564.5328798294	0.4033119380	4.1995325089
3565.5329370499	0.4028125107	4.1995325089
3566.5329942703	0.4024707377	4.1995325089
3567.5330514908	0.4018242359	4.1995325089
3568.5331082344	0.4014423788	4.1995325089
3569.5331654549	0.4009715915	4.1995325089
3570.5332226753	0.4005283415	4.1995325089
3571.5332798958	0.3999212086	4.1995325089
3572.5333371162	0.3995846808	4.1995325089
3573.5333943367	0.3990471065	4.1995325089
3574.5334515572	0.3985433280	4.1995325089
3575.5335087776	0.3980118632	4.1995325089
3576.5335659981	0.3976013958	4.1995325089
3577.5336232185	0.3969926834	4.1995325089
3578.5336804390	0.3964857757	4.1995325089
3579.5327377319	0.3962783515	4.1995325089
3580.5327949524	0.3957073092	4.1995325089
3581.5328521729	0.3952480257	4.1995325089
3582.5329093933	0.3946593106	4.1995325089
3583.5329666138	0.3943257928	4.1995325089
3584.5330238342	0.3938437700	4.1995325089
3585.5330810547	0.3934190273	4.1995325089
3586.5331382751	0.3930327594	4.1995325089
3587.5331954956	0.3926137090	4.1995325089
3588.5332522392	0.3922010064	4.1995325089
3589.5333094597	0.3917575479	4.1995325089
3590.5333666801	0.3911589086	4.1995325089
3591.5334239006	0.3906952739	4.1995325089
3592.5334811211	0.3903704882	4.1995325089
3593.5335383415	0.3897274137	4.1995325089
3594.5335955620	0.3893607259	4.1995325089
3595.5336527824	0.3888268769	4.1995325089
3596.5327100754	0.3884788752	4.1995325089
3597.5327672958	0.3879733682	4.1995325089
3598.5328245163	0.3874464333	4.1995325089
3599.5328817368	0.3872091770	4.1995325089
3600.5329389572	0.3866130710	4.1995325089
3601.5329961777	0.3862449527	4.1995325089
3602.5330533981	0.3858087957	4.1995325089
3603.5331106186	0.3852761984	4.1995325089
3604.5331678391	0.3848798871	4.1995325089
3605.5332250595	0.3845071197	4.1995325089
3606.5332822800	0.3840709925	4.1995325089
3607.5333395004	0.3835928440	4.1995325089
3608.5333962440	0.3832077086	4.1995325089
3609.5334534645	0.3826829791	4.1995325089
3610.5335106850	0.3822980523	4.1995325089
3611.5335679054	0.3818224967	4.1995325089
3612.5336251259	0.3813868761	4.1995325089
3613.5336823463	0.3808299899	4.1995325089
3614.5327396393	0.3804218173	4.1995325089
3615.5327963829	0.3801281750	4.1995325089
3616.5328540802	0.3796421885	4.1995325089
3617.5329108238	0.3790722787	4.1995325089
3618.5329685211	0.3786469698	4.1995325089
3619.5330252647	0.3783252537	4.1995325089
3620.5330829620	0.3777755797	4.1995325089
3621.5331397057	0.3773315549	4.1995325089
3622.5331974030	0.3768728673	4.1995325089
3623.5332541466	0.3765031993	4.1995325089
3624.5333118439	0.3758985996	4.1995325089
3625.5333685875	0.3755881190	4.1995325089
3626.5334262848	0.3752059639	4.1995325089
3627.5334830284	0.3746455014	4.1995325089
3628.5335402489	0.3743159473	4.1995325089
3629.5335974693	0.3738462925	4.1995325089
3630.5336546898	0.3735198081	4.1995325089
3631.5327115059	0.3729597628	4.1995325089
3632.5327687263	0.3726541698	4.1995325089
3633.5328259468	0.3722130954	4.1995325089
3634.5328831673	0.3715751767	4.1995325089
3635.5329403877	0.3711616993	4.1995325089
3636.5329976082	0.3706793189	4.1995325089
3637.5330548286	0.3703300655	4.1995325089
3638.5331120491	0.3699946404	4.1995325089
3639.5331692696	0.3694331944	4.1995325089
3640.5332264900	0.3690949380	4.1995325089
3641.5332837105	0.3685858846	4.1995325089
3642.5333409309	0.3681963682	4.1995325089
3643.5333981514	0.3678349257	4.1995325089
3644.5334553719	0.3674306273	4.1995325089
3645.5335125923	0.3669888675	4.1995325089
3646.5335698128	0.3664198220	4.1995325089
3647.5336270332	0.3661831319	4.1995325089
3648.5336842537	0.3657168150	4.1995325089
3649.5327410698	0.3652325571	4.1995325089
3650.5327982903	0.3647890687	4.1995325089
3651.5328555107	0.3644080460	4.1995325089
3652.5329127312	0.3639077544	4.1995325089
3653.5329699516	0.3635475934	4.1995325089
3654.5330271721	0.3630227745	4.1995325089
3655.5330843925	0.3625180125	4.1995325089
3656.5331416130	0.3621642888	4.1995325089
3657.5331988335	0.3617099822	4.1995325089
3658.5332560539	0.3613041043	4.1995325089
3659.5333132744	0.3608992100	4.1995325089
3660.5333704948	0.3603975475	4.1995325089
3661.5334277153	0.3600754738	4.1995325089
3662.5334849358	0.3596186042	4.1995325089
3663.5335421562	0.3590386510	4.1995325089
3664.5335993767	0.3585842550	4.1995325089
3665.5336565971	0.3581751585	4.1995325089
3666.5327138901	0.3575799763	4.1995325089
3667.5327706337	0.3572129011	4.1995325089
3668.5328278542	0.3567702770	4.1995325089
3669.5328850746	0.3563861847	4.1995325089
3670.5329422951	0.3558984399	4.1995325089
3671.5329995155	0.3555349112	4.1995325089
3672.5330567360	0.3550164700	4.1995325089
3673.5331139565	0.3548017740	4.1995325089
3674.5331711769	0.3543263972	4.1995325089
3675.5332283974	0.3538559675	4.1995325089
3676.5332856178	0.3534615040	4.1995325089
3677.5333428383	0.3530149460	4.1995325089
3678.5334000587	0.3527663648	4.1995325089
3679.5334572792	0.3521802723	4.1995325089
3680.5335144997	0.3516584933	4.1995325089
3681.5335717201	0.3515185118	4.1995325089
3682.5336289406	0.3510050178	4.1995325089
3683.5336861610	0.3505713940	4.1995325089
3684.5327434540	0.3500978947	4.1995325089
3685.5328006744	0.3496559858	4.1995325089
3686.5328578949	0.3493777215	4.1995325089
3687.5329146385	0.3489901423	4.1995325089
3688.5329718590	0.3484688103	4.1995325089
3689.5330290794	0.3479135334	4.1995325089
3690.5330862999	0.3477255106	4.1995325089
3691.5331435204	0.3472855985	4.1995325089
3692.5332007408	0.3468135595	4.1995325089
3693.5332579613	0.3463047147	4.1995325089
3694.5333151817	0.3459956944	4.1995325089
3695.5333724022	0.3455818892	4.1995325089
3696.5334296227	0.3451702297	4.1995325089
3697.5334868431	0.3447412848	4.1995325089
3698.5335440636	0.3444241881	4.1995325089
3699.5336012840	0.3440481126	4.1995325089
3700.5336585045	0.3435461521	4.1995325089
3701.5327157974	0.3430846930	4.1995325089
3702.5327730179	0.3426990211	4.1995325089
3703.5328302383	0.3424214721	4.1995325089
3704.5328874588	0.3416625857	4.1995325089
3705.5329446793	0.3413850665	4.1995325089
3706.5330018997	0.3411203325	4.1995325089
3707.5330586433	0.3407644928	4.1995325089
3708.5331158638	0.3403075337	4.1995325089
3709.5331730843	0.3399725854	4.1995325089
3710.5332303047	0.3394442797	4.1995325089
3711.5332875252	0.3390088081	4.1995325089
3712.5333447456	0.3385277390	4.1995325089
3713.5334019661	0.3382021785	4.1995325089
3714.5334591866	0.3377265334	4.1995325089
3715.5335164070	0.3374537528	4.1995325089
3716.5335736275	0.3368826509	4.1995325089
3717.5336308479	0.3365754485	4.1995325089
3718.5336880684	0.3361117542	4.1995325089
3719.5327453613	0.3357155323	4.1995325089
3720.5328025818	0.3353435993	4.1995325089
3721.5328598022	0.3348507285	4.1995325089
3722.5329170227	0.3344675004	4.1995325089
3723.5329742432	0.3340279758	4.1995325089
3724.5330314636	0.3337191939	4.1995325089
3725.5330886841	0.3332536519	4.1995325089
3726.5331454277	0.3327156603	4.1995325089
3727.5332026482	0.3325752914	4.1995325089
3728.5332598686	0.3320938051	4.1995325089
3729.5333170891	0.3316583335	4.1995325089
3730.5333743095	0.3314393461	4.1995325089
3731.5334315300	0.3308601975	4.1995325089
3732.5334887505	0.3304929137	4.1995325089
3733.5335459709	0.3301650584	4.1995325089
3734.5336031914	0.3296397328	4.1995325089
3735.5336604118	0.3293367624	4.1995325089
3736.5327172279	0.3290075660	4.1995325089
3737.5327749252	0.3285173774	4.1995325089
3738.5328316689	0.3281945586	4.1995325089
3739.5328893661	0.3277519643	4.1995325089
3740.5329461098	0.3273416758	4.1995325089
3741.5330038071	0.3269563317	4.1995325089
3742.5330605507	0.3267046511	4.1995325089
3743.5331182480	0.3261495233	4.1995325089
3744.5331749916	0.3259121776	4.1995325089
3745.5332326889	0.3255792856	4.1995325089
3746.5332894325	0.3251267970	4.1995325089
3747.5333466530	0.3247085810	4.1995325089
3748.5334038734	0.3240510225	4.1995325089
3749.5334610939	0.3240072429	4.1995325089
3750.5335178375	0.3236075640	4.1995325089
3751.5335755348	0.3231666386	4.1995325089
3752.5336322784	0.3227952719	4.1995325089
3753.5336899757	0.3223024011	4.1995325089
3754.5327467918	0.3220329285	4.1995325089
3755.5328040123	0.3216066062	4.1995325089
3756.5328612328	0.3211080432	4.1995325089
3757.5329184532	0.3208171725	4.1995325089
3758.5329756737	0.3204296231	4.1995325089
3759.5330328941	0.3200455010	4.1995325089
3760.5330901146	0.3196794689	4.1995325089
3761.5331473351	0.3192407191	4.1995325089
3762.5332045555	0.3190264106	4.1995325089
3763.5332617760	0.3185428679	4.1995325089
3764.5333189964	0.3182137311	4.1995325089
3765.5333762169	0.3177182972	4.1995325089
3766.5334334373	0.3175323606	4.1995325089
3767.5334906578	0.3170104623	4.1995325089
3768.5335478783	0.3166272640	4.1995325089
3769.5336050987	0.3162279725	4.1995325089
3770.5336618423	0.3158315122	4.1995325089
3771.5327191353	0.3154804111	4.1995325089
3772.5327763557	0.3151766956	4.1995325089
3773.5328335762	0.3147608638	4.1995325089
3774.5328907967	0.3145074546	4.1995325089
3775.5329480171	0.3140226305	4.1995325089
3776.5330052376	0.3136143684	4.1995325089
3777.5330624580	0.3132366538	4.1995325089
3778.5331196785	0.3129468262	4.1995325089
3779.5331768990	0.3126418591	4.1995325089
3780.5332341194	0.3121062219	4.1995325089
3781.5332913399	0.3117737472	4.1995325089
3782.5333485603	0.3113274574	4.1995325089
3783.5334057808	0.3110122681	4.1995325089
3784.5334630013	0.3106168807	4.1995325089
3785.5335202217	0.3101928830	4.1995325089
3786.5335774422	0.3097416759	4.1995325089
3787.5336346626	0.3095256984	4.1995325089
3788.5336918831	0.3090940714	4.1995325089
3789.5327486992	0.3086974323	4.1995325089
3790.5328059196	0.3082924485	4.1995325089
3791.5328631401	0.3079532087	4.1995325089
3792.5329203606	0.3076529801	4.1995325089
3793.5329775810	0.3072497249	4.1995325089
3794.5330348015	0.3068355918	4.1995325089
3795.5330920219	0.3065919280	4.1995325089
3796.5331492424	0.3061881065	4.1995325089
3797.5332064629	0.3056489527	4.1995325089
3798.5332636833	0.3054832220	4.1995325089
3799.5333209038	0.3049877584	4.1995325089
3800.5333781242	0.3047998846	4.1995325089
3801.5334353447	0.3041965961	4.1995325089
3802.5334925652	0.3039026558	4.1995325089
3803.5335497856	0.3035556078	4.1995325089
3804.5336070061	0.3031854928	4.1995325089
3805.5336642265	0.3029668629	4.1995325089
3806.5327210426	0.3025285900	4.1995325089
3807.5327782631	0.3021747768	4.1995325089
3808.5328354836	0.3018563092	4.1995325089
3809.5328927040	0.3015082777	4.1995325089
3810.5329499245	0.3011054397	4.1995325089
3811.5330071449	0.3007158637	4.1995325089
3812.5330643654	0.3003956079	4.1995325089
3813.5331215858	0.3000326455	4.1995325089
3814.5331788063	0.2996539474	4.1995325089
3815.5332360268	0.2990799844	4.1995325089
3816.5332932472	0.2988683879	4.1995325089
3817.5333504677	0.2987461686	4.1995325089
3818.5334076881	0.2982465029	4.1995325089
3819.5334649086	0.2978593111	4.1995325089
3820.5335221291	0.2976162136	4.1995325089
3821.5335793495	0.2971034646	4.1995325089
3822.5336365700	0.2969206572	4.1995325089
3823.5326938629	0.2965627313	4.1995325089
3824.5327510834	0.2959913611	4.1995325089
3825.5328078270	0.2956273258	4.1995325089
3826.5328650475	0.2953566909	4.1995325089
3827.5329222679	0.2950830460	4.1995325089
3828.5329794884	0.2947894633	4.1995325089
3829.5330367088	0.2943762243	4.1995325089
3830.5330939293	0.2938463986	4.1995325089
3831.5331511497	0.2937399149	4.1995325089
3832.5332083702	0.2932783067	4.1995325089
3833.5332655907	0.2930434644	4.1995325089
3834.5333228111	0.2926779091	4.1995325089
3835.5333800316	0.2923251390	4.1995325089
3836.5334372520	0.2920264900	4.1995325089
3837.5334944725	0.2915895879	4.1995325089
3838.5335516930	0.2913461626	4.1995325089
3839.5336089134	0.2908436954	4.1995325089
3840.5336661339	0.2904427648	4.1995325089
3841.5327234268	0.2901888788	4.1995325089
3842.5327806473	0.2899536192	4.1995325089
3843.5328378677	0.2895018756	4.1995325089
3844.5328950882	0.2891494632	4.1995325089
3845.5329518318	0.2888439000	4.1995325089
3846.5330090523	0.2883726954	4.1995325089
3847.5330662727	0.2880616784	4.1995325089
3848.5331234932	0.2877051532	4.1995325089
3849.5331807137	0.2873316407	4.1995325089
3850.5332379341	0.2869931459	4.1995325089
3851.5332951546	0.2866841853	4.1995325089
3852.5333523750	0.2863019109	4.1995325089
3853.5334095955	0.2859080732	4.1995325089
3854.5334668159	0.2855899632	4.1995325089
3855.5335240364	0.2852818668	4.1995325089
3856.5335812569	0.2849117815	4.1995325089
3857.5336384773	0.2845716178	4.1995325089
3858.5326957703	0.2842780352	4.1995325089
3859.5327525139	0.2838470340	4.1995325089
3860.5328102112	0.2834281027	4.1995325089
3861.5328669548	0.2831388414	4.1995325089
3862.5329246521	0.2828299105	4.1995325089
3863.5329813957	0.2826105356	4.1995325089
3864.5330390930	0.2822521627	4.1995325089
3865.5330958366	0.2819328904	4.1995325089
3866.5331530571	0.2814183235	4.1995325089
3867.5332102776	0.2811196744	4.1995325089
3868.5332674980	0.2808094323	4.1995325089
3869.5333242416	0.2805498838	4.1995325089
3870.5333819389	0.2801313102	4.1995325089
3871.5334386826	0.2797105610	4.1995325089
3872.5334963799	0.2795192301	4.1995325089
3873.5335531235	0.2790957093	4.1995325089
3874.5336108208	0.2786976397	4.1995325089
3875.5336675644	0.2783832550	4.1995325089
3876.5327248573	0.2782644331	4.1995325089
3877.5327820778	0.2778798640	4.1995325089
3878.5328392982	0.2775841355	4.1995325089
3879.5328965187	0.2771946192	4.1995325089
3880.5329537392	0.2769551873	4.1995325089
3881.5330109596	0.2765097320	4.1995325089
3882.5330681801	0.2763612866	4.1995325089
3883.5331254005	0.2758308947	4.1995325089
3884.5331826210	0.2755748332	4.1995325089
3885.5332398415	0.2752862573	4.1995325089
3886.5332970619	0.2749229670	4.1995325089
3887.5333542824	0.2746873498	4.1995325089
3888.5334115028	0.2741170526	4.1995325089
3889.5334682465	0.2738945186	4.1995325089
3890.5335254669	0.2735980153	4.1995325089
3891.5335826874	0.2733500302	4.1995325089
3892.5336399078	0.2728957832	4.1995325089
3893.5326972008	0.2725856304	4.1995325089
3894.5327544212	0.2722899616	4.1995325089
3895.5328116417	0.2720654011	4.1995325089
3896.5328688622	0.2717301250	4.1995325089
3897.5329260826	0.2714437842	4.1995325089
3898.5329833031	0.2711121440	4.1995325089
3899.5330405235	0.2707749605	4.1995325089
3900.5330977440	0.2704637051	4.1995325089
3901.5331549644	0.2701276839	4.1995325089
3902.5332121849	0.2697177827	4.1995325089
3903.5332694054	0.2694619298	4.1995325089
3904.5333266258	0.2691707313	4.1995325089
3905.5333838463	0.2689305246	4.1995325089
3906.5334410667	0.2684821784	4.1995325089
3907.5334982872	0.2682773769	4.1995325089
3908.5335550308	0.2678911090	4.1995325089
3909.5336122513	0.2675458491	4.1995325089
3910.5336694717	0.2672958076	4.1995325089
3911.5327267647	0.2668200135	4.1995325089
3912.5327839851	0.2664101124	4.1995325089
3913.5328412056	0.2661895156	4.1995325089
3914.5328984261	0.2658359110	4.1995325089
3915.5329556465	0.2654963136	4.1995325089
3916.5330128670	0.2653168142	4.1995325089
3917.5330700874	0.2649568319	4.1995325089
3918.5331273079	0.2645409703	4.1995325089
3919.5331845284	0.2641645372	4.1995325089
3920.5332417488	0.2639589310	4.1995325089
3921.5332989693	0.2635747194	4.1995325089
3922.5333561897	0.2633733749	4.1995325089
3923.5334134102	0.2629786432	4.1995325089
3924.5334706306	0.2627243400	4.1995325089
3925.5335278511	0.2624194622	4.1995325089
3926.5335850716	0.2620479167	4.1995325089
3927.5336422920	0.2617726326	4.1995325089
3928.5326991081	0.2615666091	4.1995325089
3929.5327563286	0.2612116039	4.1995325089
3930.5328135490	0.2610072494	4.1995325089
3931.5328707695	0.2606211007	4.1995325089
3932.5329279900	0.2603447437	4.1995325089
3933.5329852104	0.2601912320	4.1995325089
3934.5330424309	0.2597568631	4.1995325089
3935.5330996513	0.2594936788	4.1995325089
3936.5331568718	0.2591289580	4.1995325089
3937.5332140923	0.2588367462	4.1995325089
3938.5332713127	0.2586244047	4.1995325089
3939.5333285332	0.2583296001	4.1995325089
3940.5333857536	0.2579615414	4.1995325089
3941.5334429741	0.2575891912	4.1995325089
3942.5335001945	0.2573555708	4.1995325089
3943.5335574150	0.2569288015	4.1995325089
3944.5336146355	0.2566585243	4.1995325089
3945.5336718559	0.2563649118	4.1995325089
3946.5327286720	0.2561115324	4.1995325089
3947.5327858925	0.2557494044	4.1995325089
3948.5328431129	0.2554896176	4.1995325089
3949.5329003334	0.2552345693	4.1995325089
3950.5329575539	0.2548043728	4.1995325089
3951.5330147743	0.2546790540	4.1995325089
3952.5330719948	0.2543182075	4.1995325089
3953.5331292152	0.2539882064	4.1995325089
3954.5331864357	0.2536527216	4.1995325089
3955.5332436562	0.2532796860	4.1995325089
3956.5333008766	0.2531065941	4.1995325089
3957.5333580971	0.2527301311	4.1995325089
3958.5334153175	0.2524944842	4.1995325089
3959.5334725380	0.2520883083	4.1995325089
3960.5335297585	0.2519217134	4.1995325089
3961.5335869789	0.2517270744	4.1995325089
3962.5336441994	0.2514079511	4.1995325089
3963.5327014923	0.2511140406	4.1995325089
3964.5327582359	0.2507810593	4.1995325089
3965.5328154564	0.2504384220	4.1995325089
3966.5328726768	0.2501520216	4.1995325089
3967.5329298973	0.2498056144	4.1995325089
3968.5329871178	0.2494417280	4.1995325089
3969.5330443382	0.2492656410	4.1995325089
3970.5331015587	0.2491057813	4.1995325089
3971.5331587791	0.2487140745	4.1995325089
3972.5332159996	0.2484943867	4.1995325089
3973.5332732201	0.2481642216	4.1995325089
3974.5333304405	0.2479471564	4.1995325089
3975.5333876610	0.2476041019	4.1995325089
3976.5334448814	0.2473011911	4.1995325089
3977.5335021019	0.2470736057	4.1995325089
3978.5335593224	0.2467201799	4.1995325089
3979.5336165428	0.2463814020	4.1995325089
3980.5336737633	0.2462520450	4.1995325089
3981.5327310562	0.2458843887	4.1995325089
3982.5327877998	0.2455497384	4.1995325089
3983.5328454971	0.2452756464	4.1995325089
3984.5329022408	0.2450385541	4.1995325089
3985.5329594612	0.2447079122	4.1995325089
3986.5330166817	0.2444282174	4.1995325089
3987.5330739021	0.2441888303	4.1995325089
3988.5331306458	0.2439320236	4.1995325089
3989.5331883430	0.2436875105	4.1995325089
3990.5332450867	0.2433147430	4.1995325089
3991.5333027840	0.2431287318	4.1995325089
3992.5333595276	0.2426974922	4.1995325089
3993.5334172249	0.2425774634	4.1995325089
3994.5334739685	0.2422052175	4.1995325089
3995.5335316658	0.2419813722	4.1995325089
3996.5335884094	0.2415015697	4.1995325089
3997.5336461067	0.2412427217	4.1995325089
3998.5327029228	0.2409128398	4.1995325089
3999.5327601433	0.2407076359	4.1995325089
4000.5328173637	0.2405430675	4.1995325089
4001.5328745842	0.2402782738	4.1995325089
4002.5329318047	0.2399253994	4.1995325089
4003.5329890251	0.2396880239	4.1995325089
4004.5330462456	0.2394029945	4.1995325089
4005.5331034660	0.2392032444	4.1995325089
4006.5331606865	0.2387420982	4.1995325089
4007.5332174301	0.2385673523	4.1995325089
4008.5332746506	0.2383596897	4.1995325089
4009.5333318710	0.2380542904	4.1995325089
4010.5333890915	0.2377839386	4.1995325089
4011.5334463120	0.2373753190	4.1995325089
4012.5335035324	0.2370914221	4.1995325089
4013.5335607529	0.2369471937	4.1995325089
4014.5336179733	0.2365575731	4.1995325089
4015.5336751938	0.2361442596	4.1995325089
4016.5327324867	0.2358820140	4.1995325089
4017.5327897072	0.2356750220	4.1995325089
4018.5328469276	0.2355129719	4.1995325089
4019.5329041481	0.2351297289	4.1995325089
4020.5329613686	0.2348238677	4.1995325089
4021.5330185890	0.2347202599	4.1995325089
4022.5330758095	0.2342990041	4.1995325089
4023.5331330299	0.2340459675	4.1995325089
4024.5331902504	0.2336728871	4.1995325089
4025.5332474709	0.2334862053	4.1995325089
4026.5333046913	0.2331956476	4.1995325089
4027.5333614349	0.2329827547	4.1995325089
4028.5334186554	0.2326452434	4.1995325089
4029.5334758759	0.2324202508	4.1995325089
4030.5335330963	0.2322277427	4.1995325089
4031.5335903168	0.2318732291	4.1995325089
4032.5336475372	0.2316857278	4.1995325089
4033.5327048302	0.2313981205	4.1995325089
4034.5327620506	0.2311015725	4.1995325089
4035.5328192711	0.2307778597	4.1995325089
4036.5328764915	0.2305731773	4.1995325089
4037.5329337120	0.2301755548	4.1995325089
4038.5329909325	0.2300262302	4.1995325089
4039.5330481529	0.2297487110	4.1995325089
4040.5331053734	0.2295498252	4.1995325089
4041.5331625938	0.2293396294	4.1995325089
4042.5332198143	0.2289837152	4.1995325089
4043.5332770348	0.2286902368	4.1995325089
4044.5333342552	0.2283474356	4.1995325089
4045.5333914757	0.2281771004	4.1995325089
4046.5334486961	0.2278939784	4.1995325089
4047.5335054398	0.2275654227	4.1995325089
4048.5335626602	0.2274573296	4.1995325089
4049.5336198807	0.2271870971	4.1995325089
4050.5336771011	0.2270209640	4.1995325089
4051.5327343941	0.2267196476	4.1995325089
4052.5327916145	0.2263536900	4.1995325089
4053.5328488350	0.2259509414	4.1995325089
4054.5329060555	0.2257442325	4.1995325089
4055.5329632759	0.2254970521	4.1995325089
4056.5330204964	0.2253063172	4.1995325089
4057.5330777168	0.2251066715	4.1995325089
4058.5331349373	0.2248528153	4.1995325089
4059.5331921577	0.2245680392	4.1995325089
4060.5332493782	0.2243367285	4.1995325089
4061.5333065987	0.2240139544	4.1995325089
4062.5333638191	0.2236915082	4.1995325089
4063.5334210396	0.2236364931	4.1995325089
4064.5334782600	0.2233155370	4.1995325089
4065.5335354805	0.2230981290	4.1995325089
4066.5335927010	0.2228488922	4.1995325089
4067.5336494446	0.2224448323	4.1995325089
4068.5327067375	0.2223446369	4.1995325089
4069.5327639580	0.2221178412	4.1995325089
4070.5328211784	0.2218348384	4.1995325089
4071.5328783989	0.2215594351	4.1995325089
4072.5329356194	0.2213681340	4.1995325089
4073.5329928398	0.2210559547	4.1995325089
4074.5330500603	0.2208276242	4.1995325089
4075.5331072807	0.2206380218	4.1995325089
4076.5331645012	0.2204341143	4.1995325089
4077.5332217216	0.2201515138	4.1995325089
4078.5332789421	0.2199323475	4.1995325089
4079.5333361626	0.2195589244	4.1995325089
4080.5333933830	0.2192187309	4.1995325089
4081.5334506035	0.2191480547	4.1995325089
4082.5335078239	0.2188362926	4.1995325089
4083.5335650444	0.2186716497	4.1995325089
4084.5336222649	0.2184188515	4.1995325089
4085.5336794853	0.2181229889	4.1995325089
4086.5327363014	0.2179038972	4.1995325089
4087.5327935219	0.2176432610	4.1995325089
4088.5328507423	0.2174194455	4.1995325089
4089.5329079628	0.2170950025	4.1995325089
4090.5329651833	0.2168450505	4.1995325089
4091.5330224037	0.2165687382	4.1995325089
4092.5330796242	0.2162561715	4.1995325089
4093.5331368446	0.2161373347	4.1995325089
4094.5331940651	0.2159043550	4.1995325089
4095.5332512856	0.2156292200	4.1995325089
4096.5333085060	0.2154172808	4.1995325089
4097.5333657265	0.2150759250	4.1995325089
4098.5334229469	0.2149697840	4.1995325089
4099.5334801674	0.2146379650	4.1995325089
4100.5335373878	0.2143753469	4.1995325089
4101.5335946083	0.2141455710	4.1995325089
4102.5336518288	0.2139594555	4.1995325089
4103.5327086449	0.2136434317	4.1995325089
4104.5327658653	0.2132831514	4.1995325089
4105.5328230858	0.2132394463	4.1995325089
4106.5328803062	0.2129902393	4.1995325089
4107.5329370499	0.2127088159	4.1995325089
4108.5329947472	0.2125367820	4.1995325089
4109.5330514908	0.2121915370	4.1995325089
4110.5331091881	0.2120226771	4.1995325089
4111.5331659317	0.2117804587	4.1995325089
4112.5332236290	0.2115091681	4.1995325089
4113.5332803726	0.2113006115	4.1995325089
4114.5333380699	0.2110506743	4.1995325089
4115.5333948135	0.2106373310	4.1995325089
4116.5334525108	0.2105454206	4.1995325089
4117.5335092545	0.2102283090	4.1995325089
4118.5335669518	0.2100065202	4.1995325089
4119.5336236954	0.2096447647	4.1995325089
4120.5336813927	0.2094498277	4.1995325089
4121.5327382088	0.2093364894	4.1995325089
4122.5327954292	0.2090911418	4.1995325089
4123.5328526497	0.2087780088	4.1995325089
4124.5329098701	0.2086049914	4.1995325089
4125.5329670906	0.2082949132	4.1995325089
4126.5330238342	0.2081294209	4.1995325089
4127.5330810547	0.2079141140	4.1995325089
4128.5331382751	0.2076547742	4.1995325089
4129.5331954956	0.2075354308	4.1995325089
4130.5332527161	0.2070552856	4.1995325089
4131.5333099365	0.2068915665	4.1995325089
4132.5333671570	0.2066124082	4.1995325089
4133.5334243774	0.2064194977	4.1995325089
4134.5334815979	0.2061978132	4.1995325089
4135.5335388184	0.2059520334	4.1995325089
4136.5335960388	0.2057557255	4.1995325089
4137.5336532593	0.2054583877	4.1995325089
4138.5327105522	0.2053108662	4.1995325089
4139.5327677727	0.2050399780	4.1995325089
4140.5328249931	0.2046909332	4.1995325089
4141.5328822136	0.2046144605	4.1995325089
4142.5329394341	0.2043381333	4.1995325089
4143.5329966545	0.2041249871	4.1995325089
4144.5330538750	0.2039255947	4.1995325089
4145.5331110954	0.2036546171	4.1995325089
4146.5331678391	0.2034679353	4.1995325089
4147.5332250595	0.2032623589	4.1995325089
4148.5332822800	0.2029904127	4.1995325089
4149.5333395004	0.2028295994	4.1995325089
4150.5333967209	0.2025136054	4.1995325089
4151.5334539413	0.2023709416	4.1995325089
4152.5335111618	0.2021074146	4.1995325089
4153.5335683823	0.2018726915	4.1995325089
4154.5336256027	0.2017537653	4.1995325089
4155.5336828232	0.2015292794	4.1995325089
4156.5327401161	0.2012952864	4.1995325089
4157.5327973366	0.2009271383	4.1995325089
4158.5328545570	0.2006081045	4.1995325089
4159.5329117775	0.2004697770	4.1995325089
4160.5329689980	0.2003107518	4.1995325089
4161.5330262184	0.2000442445	4.1995325089
4162.5330834389	0.1998051852	4.1995325089
