0.4270243645	-2.9995818138	3.7724752426
1.4270815849	-2.9995894432	3.7285096645
2.4271388054	-2.9996042252	3.7077591419
3.4271960258	-2.9996511936	3.6922454834
4.4272532463	-2.9996521473	3.6794562340
5.4273104668	-2.9996538162	3.6683685780
6.4273676872	-2.9996812344	3.6584572792
7.4274249077	-2.9996981621	3.6494221687
8.4274821281	-2.9996817112	3.6410446167
9.4275393486	-2.9996871948	3.6332268715
10.4275960922	-2.9996769428	3.6258542538
11.4266533852	-2.9997041225	3.6188309193
12.4267106056	-2.9997062683	3.6121163368
13.4267678261	-2.9996948242	3.6056907177
14.4268250465	-2.9997124672	3.5994629860
15.4268822670	-2.9996910095	3.5934774876
16.4269394875	-2.9997191429	3.5876281261
17.4269967079	-2.9997246265	3.5819442272
18.4270539284	-2.9997172356	3.5764296055
19.4271111488	-2.9997241497	3.5710198879
20.4271683693	-2.9997136593	3.5657470226
21.4272255898	-2.9997231960	3.5605547428
22.4272828102	-2.9997265339	3.5554935932
23.4273400307	-2.9997177124	3.5505149364
24.4273972511	-2.9997112751	3.5456190109
25.4274544716	-2.9997274876	3.5408303738
26.4275116920	-2.9997136593	3.5360877514
27.4275689125	-2.9997181892	3.5314373970
28.4266257286	-2.9997236729	3.5268366337
29.4266829491	-2.9997410774	3.5223345757
30.4267401695	-2.9997291565	3.5178885460
31.4267973900	-2.9997329712	3.5134994984
32.4268546104	-2.9997215271	3.5091626644
33.4269118309	-2.9997253418	3.5048918724
34.4269690514	-2.9997131824	3.5006806850
35.4270262718	-2.9997155666	3.4965078831
36.4270834923	-2.9997336864	3.4924080372
37.4271407127	-2.9997413158	3.4883739948
38.4271979332	-2.9997291565	3.4843702316
39.4272551537	-2.9997160435	3.4804430008
40.4273123741	-2.9997215271	3.4765465260
41.4273695946	-2.9996891022	3.4727067947
42.4274268150	-2.9997096062	3.4688911438
43.4274840355	-2.9997377396	3.4651603699
44.4275412560	-2.9997165203	3.4614543915
45.4275984764	-2.9997317791	3.4577887058
46.4266552925	-2.9997136593	3.4542245865
47.4267125130	-2.9997186661	3.4506428242
48.4267697334	-2.9997236729	3.4471368790
49.4268269539	-2.9997124672	3.4436807632
50.4268836975	-2.9997191429	3.4402618408
51.4269413948	-2.9997088909	3.4368782043
52.4269981384	-2.9997301102	3.4335303307
53.4270558357	-2.9997098446	3.4302482605
54.4271125793	-2.9997153282	3.4269845486
55.4271702766	-2.9997317791	3.4237773418
56.4272270203	-2.9997131824	3.4206135273
57.4272847176	-2.9997270107	3.4174680710
58.4273414612	-2.9997255802	3.4143760204
59.4273991585	-2.9997282028	3.4113397598
60.4274559021	-2.9997131824	3.4083139896
61.4275135994	-2.9997310638	3.4053530693
62.4275703430	-2.9997150898	3.4023759365
63.4266281128	-2.9997296333	3.3994722366
64.4266848564	-2.9997186661	3.3966133595
65.4267420769	-2.9997096062	3.3937747478
66.4267992973	-2.9997279644	3.3909764290
67.4268565178	-2.9997127056	3.3882143497
68.4269137383	-2.9997000694	3.3854827881
69.4269709587	-2.9997308254	3.3827967644
70.4270277023	-2.9997322559	3.3801248074
71.4270853996	-2.9997179508	3.3774974346
72.4271421432	-2.9997289181	3.3749139309
73.4271998405	-2.9997320175	3.3723354340
74.4272565842	-2.9997277260	3.3698058128
75.4273142815	-2.9997401237	3.3673031330
76.4273710251	-2.9997193813	3.3648395538
77.4274287224	-2.9996988773	3.3624019623
78.4274854660	-2.9997384548	3.3599536419
79.4275431633	-2.9997446537	3.3575894833
80.4275999069	-2.9997153282	3.3552298546
81.4266571999	-2.9997406006	3.3528788090
82.4267144203	-2.9997260571	3.3505859375
83.4267716408	-2.9997205734	3.3483171463
84.4268288612	-2.9997482300	3.3460452557
85.4268860817	-2.9997236729	3.3438172340
86.4269433022	-2.9997262955	3.3416221142
87.4270005226	-2.9997355938	3.3394410610
88.4270577431	-2.9997096062	3.3373103142
89.4271144867	-2.9997296333	3.3351731300
90.4271717072	-2.9997143745	3.3330810070
91.4272289276	-2.9997322559	3.3309926987
92.4272861481	-2.9997348785	3.3289401531
93.4273433685	-2.9997322559	3.3268964291
94.4274005890	-2.9997193813	3.3248741627
95.4274578094	-2.9997320175	3.3228902817
96.4275150299	-2.9997432232	3.3209197521
97.4275722504	-2.9997360706	3.3189735413
98.4266295433	-2.9997429848	3.3170502186
99.4266867638	-2.9997396469	3.3151488304
100.4267439842	-2.9997458458	3.3132598400
101.4268012047	-2.9997413158	3.3113956451
102.4268584251	-2.9997320175	3.3095414639
103.4269156456	-2.9997465611	3.3077270985
104.4269728661	-2.9997303486	3.3059215546
105.4270300865	-2.9997444153	3.3041448593
106.4270873070	-2.9997456074	3.3023808002
107.4271445274	-2.9997293949	3.3006191254
108.4272017479	-2.9997346401	3.2988765240
109.4272584915	-2.9997498989	3.2971544266
110.4273157120	-2.9997210503	3.2954542637
111.4273729324	-2.9997224808	3.2937769890
112.4274301529	-2.9997391701	3.2921140194
113.4274873734	-2.9997358322	3.2904286385
114.4275445938	-2.9997389317	3.2888073921
115.4276018143	-2.9997198582	3.2872023582
116.4266591072	-2.9997460842	3.2855846882
117.4267163277	-2.9997420311	3.2839851379
118.4267735481	-2.9997191429	3.2824275494
119.4268307686	-2.9997401237	3.2808825970
120.4268879890	-2.9997212887	3.2793555260
121.4269452095	-2.9997365475	3.2777969837
122.4270024300	-2.9997293949	3.2763152122
123.4270596504	-2.9997220039	3.2748205662
124.4271168709	-2.9997136593	3.2733473778
125.4271740913	-2.9997220039	3.2718682289
126.4272313118	-2.9997200966	3.2704048157
127.4272885323	-2.9997303486	3.2689681053
128.4273452759	-2.9997205734	3.2675302029
129.4274024963	-2.9997341633	3.2661175728
130.4274597168	-2.9997155666	3.2647001743
131.4275169373	-2.9997315407	3.2633013725
132.4275741577	-2.9997344017	3.2619359493
133.4266314507	-2.9997332096	3.2605719566
134.4266886711	-2.9997529984	3.2592341900
135.4267458916	-2.9997403622	3.2578890324
136.4268031120	-2.9997537136	3.2565572262
137.4268603325	-2.9997413158	3.2552523613
138.4269175529	-2.9997472763	3.2539381981
139.4269747734	-2.9997270107	3.2526516914
140.4270319939	-2.9997467995	3.2513446808
141.4270892143	-2.9997370243	3.2500898838
142.4271464348	-2.9997432232	3.2488243580
143.4272036552	-2.9997277260	3.2475783825
144.4272608757	-2.9997403622	3.2463338375
145.4273180962	-2.9997451305	3.2450959682
146.4273753166	-2.9997396469	3.2438719273
147.4274325371	-2.9997475147	3.2426781654
148.4274892807	-2.9997482300	3.2414848804
149.4275465012	-2.9997513294	3.2402961254
150.4276037216	-2.9997701645	3.2391099930
151.4266610146	-2.9997446537	3.2379515171
152.4267182350	-2.9997255802	3.2367959023
153.4267754555	-2.9997498989	3.2356350422
154.4268326759	-2.9997389317	3.2345025539
155.4268898964	-2.9997386932	3.2333641052
156.4269471169	-2.9997406006	3.2322490215
157.4270043373	-2.9997491837	3.2311246395
158.4270615578	-2.9997525215	3.2300252914
159.4271187782	-2.9997639656	3.2289230824
160.4271759987	-2.9997661114	3.2278227806
161.4272332191	-2.9997680187	3.2267596722
162.4272904396	-2.9997580051	3.2256886959
163.4273476601	-2.9997580051	3.2246203423
164.4274048805	-2.9997439384	3.2235829830
165.4274621010	-2.9997432232	3.2225329876
166.4275193214	-2.9997472763	3.2214844227
167.4275765419	-2.9997498989	3.2204554081
168.4266333580	-2.9997255802	3.2194306850
169.4266901016	-2.9997456074	3.2184128761
170.4267477989	-2.9997491837	3.2173972130
171.4268045425	-2.9997315407	3.2164030075
172.4268622398	-2.9997456074	3.2154123783
173.4269189835	-2.9997286797	3.2143962383
174.4269766808	-2.9997522831	3.2134261131
175.4270334244	-2.9997565746	3.2124528885
176.4270911217	-2.9997494221	3.2114739418
177.4271478653	-2.9997355938	3.2105066776
178.4272055626	-2.9997632504	3.2095570564
179.4272623062	-2.9997446537	3.2085897923
180.4273200035	-2.9997537136	3.2076392174
181.4273767471	-2.9997601509	3.2067186832
182.4274344444	-2.9997565746	3.2057862282
183.4274911880	-2.9997410774	3.2048697472
184.4275488853	-2.9997415543	3.2039332390
185.4276056290	-2.9997549057	3.2030239105
186.4266629219	-2.9997465611	3.2021315098
187.4267201424	-2.9997625351	3.2012069225
188.4267773628	-2.9997401237	3.2003271580
189.4268341064	-2.9997694492	3.1994302273
190.4268918037	-2.9997437000	3.1985578537
191.4269485474	-2.9997539520	3.1976745129
192.4270062447	-2.9997553825	3.1968119144
193.4270629883	-2.9997427464	3.1959509850
194.4271206856	-2.9997446537	3.1950659752
195.4271774292	-2.9997336864	3.1942145824
196.4272351265	-2.9997358322	3.1933519840
197.4272918701	-2.9997556210	3.1925127506
198.4273495674	-2.9997413158	3.1916379929
199.4274063110	-2.9997439384	3.1907958984
200.4274640083	-2.9997541904	3.1899461746
201.4275207520	-2.9997501373	3.1891188622
202.4275784492	-2.9997498989	3.1883106232
203.4266352654	-2.9997403622	3.1874666214
204.4266924858	-2.9997553825	3.1866543293
205.4267497063	-2.9997384548	3.1858389378
206.4268069267	-2.9997389317	3.1850337982
207.4268641472	-2.9997508526	3.1842257977
208.4269208908	-2.9997639656	3.1834168434
209.4269781113	-2.9997363091	3.1826148033
210.4270353317	-2.9997456074	3.1818223000
211.4270925522	-2.9997565746	3.1810171604
212.4271497726	-2.9997527599	3.1802182198
213.4272069931	-2.9997363091	3.1794395447
214.4272642136	-2.9997694492	3.1786415577
215.4273214340	-2.9997596741	3.1778621674
216.4273786545	-2.9997746944	3.1770894527
217.4274358749	-2.9997410774	3.1763312817
218.4274930954	-2.9997451305	3.1755690575
219.4275503159	-2.9997766018	3.1747956276
220.4276075363	-2.9997515678	3.1740419865
221.4266648293	-2.9997515678	3.1732907295
222.4267220497	-2.9997749329	3.1725442410
223.4267792702	-2.9997799397	3.1717743874
224.4268364906	-2.9997582436	3.1710324287
225.4268937111	-2.9997630119	3.1702904701
226.4269509315	-2.9997704029	3.1695415974
227.4270076752	-2.9997684956	3.1687879562
228.4270648956	-2.9997446537	3.1680605412
229.4271221161	-2.9997577667	3.1673395634
230.4271793365	-2.9997398853	3.1665933132
231.4272365570	-2.9997732639	3.1658661366
232.4272937775	-2.9997825623	3.1651360989
233.4273509979	-2.9997437000	3.1644041538
234.4274082184	-2.9997761250	3.1636817455
235.4274654388	-2.9997766018	3.1629683971
236.4275226593	-2.9997420311	3.1622686386
237.4275798798	-2.9997749329	3.1615509987
238.4266371727	-2.9997491837	3.1608412266
239.4266943932	-2.9997684956	3.1601154804
240.4267516136	-2.9997656345	3.1594245434
241.4268088341	-2.9997663498	3.1587157249
242.4268660545	-2.9997775555	3.1580152512
243.4269232750	-2.9997715950	3.1572978497
244.4269804955	-2.9997527599	3.1566135883
245.4270377159	-2.9997651577	3.1559174061
246.4270949364	-2.9997458458	3.1552116871
247.4271516800	-2.9997551441	3.1545498371
248.4272089005	-2.9997437000	3.1538507938
249.4272661209	-2.9997687340	3.1531739235
250.4273233414	-2.9997560978	3.1524786949
251.4273805618	-2.9997816086	3.1517994404
252.4274377823	-2.9997491837	3.1511168480
253.4274950027	-2.9997498989	3.1504321098
254.4275522232	-2.9997615814	3.1497328281
255.4276094437	-2.9997539520	3.1490752697
256.4266667366	-2.9997470379	3.1484062672
257.4267239571	-2.9997568130	3.1477248669
258.4267811775	-2.9997582436	3.1470475197
259.4268383980	-2.9997487068	3.1463701725
260.4268956184	-2.9997568130	3.1456971169
261.4269528389	-2.9997596741	3.1450152397
262.4270100594	-2.9997377396	3.1443409920
263.4270672798	-2.9997336864	3.1436910629
264.4271245003	-2.9997322559	3.1430070400
265.4271817207	-2.9997432232	3.1423368454
266.4272389412	-2.9997389317	3.1416640282
267.4272956848	-2.9997427464	3.1410214901
268.4273529053	-2.9997429848	3.1403367519
269.4274101257	-2.9997398853	3.1396861076
270.4274673462	-2.9997494221	3.1390278339
271.4275245667	-2.9997391701	3.1383776665
272.4275817871	-2.9997735023	3.1377179623
273.4266390800	-2.9997496605	3.1370561123
274.4266963005	-2.9997611046	3.1363840103
275.4267535210	-2.9997689724	3.1357288361
276.4268107414	-2.9997711182	3.1350800991
277.4268679619	-2.9997396469	3.1344349384
278.4269251823	-2.9997839928	3.1337912083
279.4269824028	-2.9997570515	3.1331334114
280.4270396233	-2.9997260571	3.1324717999
281.4270968437	-2.9997675419	3.1318190098
282.4271540642	-2.9997413158	3.1311793327
283.4272112846	-2.9997601509	3.1305339336
284.4272685051	-2.9997596741	3.1298842430
285.4273257256	-2.9997520447	3.1292450428
286.4273829460	-2.9997546673	3.1285817623
287.4274396896	-2.9997451305	3.1279649734
288.4274969101	-2.9997589588	3.1272985935
289.4275541306	-2.9997432232	3.1266632080
290.4266109467	-2.9997484684	3.1260473728
291.4266686440	-2.9997456074	3.1254043579
292.4267253876	-2.9997425079	3.1247804165
293.4267830849	-2.9997646809	3.1241257191
294.4268398285	-2.9997484684	3.1234860420
295.4268975258	-2.9997277260	3.1228439808
296.4269542694	-2.9997527599	3.1222105026
297.4270119667	-2.9997389317	3.1215579510
298.4270687103	-2.9997501373	3.1209354401
299.4271264076	-2.9997735023	3.1203002930
300.4271831512	-2.9997799397	3.1196579933
301.4272408485	-2.9997551441	3.1190309525
302.4272975922	-2.9997706413	3.1183817387
303.4273552895	-2.9997630119	3.1177546978
304.4274120331	-2.9997646809	3.1171193123
305.4274697304	-2.9997677803	3.1164777279
306.4275264740	-2.9997692108	3.1158556938
307.4275836945	-2.9997713566	3.1152110100
308.4266405106	-2.9997670650	3.1145999432
309.4266982079	-2.9997699261	3.1139595509
310.4267549515	-2.9997711182	3.1133399010
311.4268126488	-2.9997608662	3.1126990318
312.4268693924	-2.9997780323	3.1120748520
313.4269270897	-2.9997744560	3.1114485264
314.4269838333	-2.9997725487	3.1108217239
315.4270415306	-2.9997591972	3.1101930141
316.4270982742	-2.9997746944	3.1095681190
317.4271559715	-2.9997780323	3.1089389324
318.4272127151	-2.9997665882	3.1083009243
319.4272704124	-2.9997658730	3.1076834202
320.4273271561	-2.9997630119	3.1070449352
321.4273848534	-2.9997787476	3.1064164639
322.4274415970	-2.9997844696	3.1057920456
323.4274992943	-2.9997744560	3.1051726341
324.4275560379	-2.9997687340	3.1045427322
325.4266133308	-2.9997844696	3.1039113998
326.4266700745	-2.9997618198	3.1032791138
327.4267272949	-2.9997866154	3.1026504040
328.4267845154	-2.9997711182	3.1020450592
329.4268417358	-2.9997677803	3.1014111042
330.4268989563	-2.9997758865	3.1007692814
331.4269561768	-2.9997923374	3.1001355648
332.4270133972	-2.9997758865	3.0995211601
333.4270706177	-2.9997715950	3.0989055634
334.4271278381	-2.9997990131	3.0982780457
335.4271850586	-2.9997799397	3.0976533890
336.4272422791	-2.9997918606	3.0970306396
337.4272994995	-2.9997837543	3.0964162350
338.4273567200	-2.9997951984	3.0957944393
339.4274139404	-2.9997954369	3.0951726437
340.4274711609	-2.9997842312	3.0945599079
341.4275283813	-2.9998002052	3.0939335823
342.4275856018	-2.9997959137	3.0932934284
343.4266428947	-2.9998049736	3.0926530361
344.4267001152	-2.9997861385	3.0920448303
345.4267573357	-2.9997916222	3.0914335251
346.4268140793	-2.9997904301	3.0908100605
347.4268712997	-2.9997806549	3.0901937485
348.4269285202	-2.9997925758	3.0895559788
349.4269857407	-2.9997885227	3.0889320374
350.4270429611	-2.9997880459	3.0883233547
351.4271001816	-2.9997849464	3.0876889229
352.4271574020	-2.9998071194	3.0870740414
353.4272146225	-2.9997658730	3.0864543915
354.4272718430	-2.9997856617	3.0858178139
355.4273290634	-2.9997920990	3.0852043629
356.4273862839	-2.9997651577	3.0845594406
357.4274435043	-2.9998047352	3.0839328766
358.4275007248	-2.9997773170	3.0833220482
359.4275579453	-2.9997911453	3.0827038288
360.4266152382	-2.9997775555	3.0820865631
361.4266724586	-2.9997899532	3.0814557076
362.4267296791	-2.9997861385	3.0808458328
363.4267868996	-2.9997904301	3.0802009106
364.4268441200	-2.9997828007	3.0795762539
365.4269013405	-2.9997830391	3.0789427757
366.4269580841	-2.9997863770	3.0783338547
367.4270153046	-2.9998185635	3.0776963234
368.4270725250	-2.9998073578	3.0770635605
369.4271297455	-2.9997844696	3.0764670372
370.4271869659	-2.9998035431	3.0758185387
371.4272441864	-2.9998154640	3.0752160549
372.4273014069	-2.9997820854	3.0745575428
373.4273586273	-2.9997992516	3.0739431381
374.4274158478	-2.9998030663	3.0733036995
375.4274730682	-2.9997906685	3.0726871490
376.4275302887	-2.9997856617	3.0720529556
377.4275875092	-2.9997918606	3.0714261532
378.4266448021	-2.9997985363	3.0707926750
379.4267020226	-2.9997801781	3.0701560974
380.4267592430	-2.9998018742	3.0695428848
381.4268164635	-2.9997806549	3.0689253807
382.4268736839	-2.9997944832	3.0682778358
383.4269309044	-2.9998185635	3.0676679611
384.4269881248	-2.9997885227	3.0670228004
385.4270453453	-2.9998056889	3.0663759708
386.4271020889	-2.9997906685	3.0657777786
387.4271593094	-2.9998080730	3.0651354790
388.4272165298	-2.9997892380	3.0645151138
389.4272737503	-2.9997889996	3.0638830662
390.4273309708	-2.9997656345	3.0632524490
391.4273881912	-2.9997980595	3.0626101494
392.4274454117	-2.9998061657	3.0619699955
393.4275026321	-2.9997980595	3.0613503456
394.4275598526	-2.9997947216	3.0607161522
395.4266171455	-2.9998080730	3.0600967407
396.4266743660	-2.9998097420	3.0594675541
397.4267315865	-2.9998018742	3.0588295460
398.4267888069	-2.9997718334	3.0582096577
399.4268460274	-2.9998204708	3.0575697422
400.4269032478	-2.9997959137	3.0569593906
401.4269604683	-2.9998233318	3.0563194752
402.4270176888	-2.9998054504	3.0556840897
403.4270749092	-2.9998016357	3.0550632477
404.4271321297	-2.9997735023	3.0544347763
405.4271893501	-2.9998245239	3.0538029671
406.4272460938	-2.9997999668	3.0531625748
407.4273033142	-2.9997980595	3.0525403023
408.4273605347	-2.9998195171	3.0519297123
409.4274177551	-2.9998264313	3.0512843132
410.4274749756	-2.9998168945	3.0506477356
411.4275321960	-2.9997878075	3.0500233173
412.4275894165	-2.9998142719	3.0493993759
413.4266462326	-2.9998104572	3.0487575531
414.4267039299	-2.9997830391	3.0481326580
415.4267606735	-2.9998123646	3.0475132465
416.4268183708	-2.9997842312	3.0468761921
417.4268751144	-2.9997909069	3.0462329388
418.4269328117	-2.9998002052	3.0455985069
419.4269895554	-2.9998095036	3.0449795723
420.4270472527	-2.9997906685	3.0443346500
421.4271039963	-2.9998083115	3.0437126160
422.4271616936	-2.9997909069	3.0430755615
423.4272184372	-2.9997897148	3.0424301624
424.4272761345	-2.9997856617	3.0418100357
425.4273328781	-2.9998214245	3.0411543846
426.4273900986	-2.9997835159	3.0405249596
427.4274473190	-2.9997940063	3.0398826599
428.4275045395	-2.9997880459	3.0392596722
429.4275612831	-2.9997780323	3.0386180878
430.4266190529	-2.9998016357	3.0379815102
431.4266757965	-2.9997851849	3.0373201370
432.4267334938	-2.9997892380	3.0366849899
433.4267902374	-2.9998009205	3.0360443592
434.4268479347	-2.9998002052	3.0354042053
435.4269046783	-2.9997801781	3.0347480774
436.4269623756	-2.9997992516	3.0341134071
437.4270191193	-2.9998140335	3.0334727764
438.4270768166	-2.9997720718	3.0328488350
439.4271335602	-2.9998025894	3.0321891308
440.4271912575	-2.9997880459	3.0315423012
441.4272480011	-2.9998080730	3.0308942795
442.4273056984	-2.9997711182	3.0302603245
443.4273624420	-2.9997856617	3.0296263695
444.4274201393	-2.9998021126	3.0289750099
445.4274768829	-2.9997932911	3.0283136368
446.4275341034	-2.9997768402	3.0276668072
447.4275913239	-2.9997937679	3.0270254612
448.4266481400	-2.9998033047	3.0263874531
449.4267053604	-2.9997687340	3.0257384777
450.4267625809	-2.9998085499	3.0250945091
451.4268198013	-2.9997837543	3.0244293213
452.4268770218	-2.9998016357	3.0237946510
453.4269342422	-2.9997892380	3.0231499672
454.4269914627	-2.9997906685	3.0224976540
455.4270486832	-2.9998006821	3.0218491554
456.4271059036	-2.9997754097	3.0211985111
457.4271631241	-2.9997906685	3.0205242634
458.4272203445	-2.9997882843	3.0198767185
459.4272775650	-2.9997937679	3.0192427635
460.4273347855	-2.9997944832	3.0185689926
461.4273920059	-2.9997894764	3.0179457664
462.4274492264	-2.9998016357	3.0173027515
463.4275064468	-2.9997975826	3.0166387558
464.4275636673	-2.9997706413	3.0159816742
465.4266204834	-2.9997918606	3.0153274536
466.4266777039	-2.9997749329	3.0146749020
467.4267349243	-2.9997785091	3.0140092373
468.4267921448	-2.9997837543	3.0133731365
469.4268493652	-2.9998090267	3.0126810074
470.4269065857	-2.9997992516	3.0120360851
471.4269638062	-2.9997949600	3.0113823414
472.4270210266	-2.9997944832	3.0107216835
473.4270782471	-2.9998149872	3.0100703239
474.4271354675	-2.9997816086	3.0093984604
475.4271926880	-2.9998204708	3.0087623596
476.4272499084	-2.9997911453	3.0081028938
477.4273071289	-2.9997999668	3.0074353218
478.4273643494	-2.9998145103	3.0067861080
479.4274215698	-2.9997889996	3.0061159134
480.4274787903	-2.9998083115	3.0054538250
481.4275360107	-2.9997930527	3.0047814846
482.4275932312	-2.9997959137	3.0041103363
483.4266505241	-2.9998073578	3.0034613609
484.4267077446	-2.9998064041	3.0028002262
485.4267644882	-2.9997978210	3.0021307468
486.4268217087	-2.9998085499	3.0014660358
487.4268789291	-2.9998004436	3.0007903576
488.4269361496	-2.9998114109	3.0001342297
489.4269933701	-2.9998044968	2.9994509220
490.4270505905	-2.9998230934	2.9987735748
491.4271078110	-2.9998040199	2.9980921745
492.4271650314	-2.9998300076	2.9974315166
493.4272222519	-2.9998080730	2.9967527390
494.4272794724	-2.9998102188	2.9960734844
495.4273366928	-2.9998080730	2.9954006672
496.4273939133	-2.9997985363	2.9947183132
497.4274511337	-2.9998245239	2.9940323830
498.4275083542	-2.9997920990	2.9933550358
499.4275655746	-2.9998002052	2.9926598072
500.4266228676	-2.9998033047	2.9919698238
501.4266800880	-2.9997854233	2.9912960529
502.4267373085	-2.9997992516	2.9906234741
503.4267945290	-2.9997789860	2.9899387360
504.4268517494	-2.9997947216	2.9892630577
505.4269084930	-2.9998009205	2.9885580540
506.4269657135	-2.9997971058	2.9878795147
507.4270229340	-2.9998123646	2.9871666431
508.4270801544	-2.9998061657	2.9864997864
509.4271373749	-2.9998047352	2.9858098030
510.4271945953	-2.9998071194	2.9851231575
511.4272518158	-2.9997806549	2.9844172001
512.4273090363	-2.9998075962	2.9837374687
513.4273662567	-2.9998064041	2.9830281734
514.4274234772	-2.9997923374	2.9823377132
515.4274806976	-2.9998135567	2.9816522598
516.4275379181	-2.9998006821	2.9809560776
517.4275951385	-2.9997959137	2.9802451134
518.4266524315	-2.9997963905	2.9795410633
519.4267096519	-2.9997720718	2.9788360596
520.4267668724	-2.9997820854	2.9781515598
521.4268240929	-2.9998061657	2.9774532318
522.4268813133	-2.9997906685	2.9767444134
523.4269385338	-2.9997839928	2.9760329723
524.4269952774	-2.9998044968	2.9753258228
525.4270524979	-2.9997828007	2.9746215343
526.4271097183	-2.9997806549	2.9739398956
527.4271669388	-2.9997909069	2.9732048512
528.4272241592	-2.9998018742	2.9724788666
529.4272813797	-2.9997680187	2.9717767239
530.4273386002	-2.9997799397	2.9710562229
531.4273958206	-2.9997844696	2.9703233242
532.4274530411	-2.9997639656	2.9696140289
533.4275102615	-2.9997863770	2.9689028263
534.4275674820	-2.9997897148	2.9681458473
535.4266247749	-2.9997692108	2.9674248695
536.4266815186	-2.9997677803	2.9667203426
537.4267392159	-2.9997732639	2.9659743309
538.4267959595	-2.9997684956	2.9652326107
539.4268536568	-2.9997808933	2.9645066261
540.4269104004	-2.9997916222	2.9637703896
541.4269680977	-2.9997713566	2.9630601406
542.4270248413	-2.9997766018	2.9623284340
543.4270825386	-2.9997694492	2.9615712166
544.4271392822	-2.9997646809	2.9608352184
545.4271965027	-2.9997920990	2.9601042271
546.4272537231	-2.9997839928	2.9593486786
547.4273109436	-2.9997756481	2.9585864544
548.4273676872	-2.9997782707	2.9578580856
549.4274253845	-2.9997904301	2.9571018219
550.4274821281	-2.9997787476	2.9563577175
551.4275398254	-2.9997680187	2.9555928707
552.4275965691	-2.9997992516	2.9548380375
553.4266543388	-2.9997916222	2.9540822506
554.4267110825	-2.9997951984	2.9533286095
555.4267687798	-2.9998013973	2.9525489807
556.4268255234	-2.9997940063	2.9518027306
557.4268832207	-2.9998116493	2.9510290623
558.4269399643	-2.9997758865	2.9502525330
559.4269976616	-2.9998140335	2.9494860172
560.4270544052	-2.9997894764	2.9487161636
561.4271121025	-2.9997863770	2.9479429722
562.4271688461	-2.9998199940	2.9471709728
563.4272265434	-2.9998028278	2.9463810921
564.4272832870	-2.9998040199	2.9455788136
565.4273405075	-2.9997825623	2.9448070526
566.4273977280	-2.9997742176	2.9440338612
567.4274549484	-2.9998090267	2.9432299137
568.4275116920	-2.9998097420	2.9424505234
569.4275693893	-2.9997749329	2.9416425228
570.4266262054	-2.9997856617	2.9408318996
571.4266834259	-2.9997882843	2.9400315285
572.4267406464	-2.9997828007	2.9392199516
573.4267978668	-2.9998042583	2.9384117126
574.4268550873	-2.9998080730	2.9376075268
575.4269123077	-2.9997973442	2.9367997646
576.4269695282	-2.9997947216	2.9359750748
577.4270267487	-2.9997978210	2.9351770878
578.4270839691	-2.9997801781	2.9343333244
579.4271411896	-2.9997615814	2.9335203171
580.4271984100	-2.9997789860	2.9327044487
581.4272556305	-2.9997990131	2.9318759441
582.4273128510	-2.9998097420	2.9310541153
583.4273700714	-2.9998342991	2.9301965237
584.4274272919	-2.9997844696	2.9293465614
585.4274845123	-2.9997951984	2.9284946918
586.4275417328	-2.9997994900	2.9276654720
587.4275984764	-2.9997837543	2.9267942905
588.4266557693	-2.9997978210	2.9259307384
589.4267129898	-2.9997868538	2.9250736237
590.4267702103	-2.9997947216	2.9242012501
591.4268274307	-2.9997959137	2.9233334064
592.4268846512	-2.9997780323	2.9224438667
593.4269418716	-2.9997854233	2.9215753078
594.4269990921	-2.9997882843	2.9207043648
595.4270563126	-2.9997880459	2.9198331833
596.4271135330	-2.9997756481	2.9189295769
597.4271707535	-2.9997870922	2.9180426598
598.4272279739	-2.9997835159	2.9171423912
599.4272851944	-2.9998064041	2.9162502289
600.4273424149	-2.9997842312	2.9153358936
601.4273996353	-2.9997935295	2.9144215584
602.4274568558	-2.9998059273	2.9135248661
603.4275140762	-2.9997920990	2.9126043320
604.4275712967	-2.9997713566	2.9116578102
605.4266281128	-2.9997882843	2.9107367992
606.4266853333	-2.9997944832	2.9097781181
607.4267425537	-2.9998042583	2.9088168144
608.4267997742	-2.9997971058	2.9078965187
609.4268569946	-2.9998042583	2.9069316387
610.4269142151	-2.9997830391	2.9059824944
611.4269714355	-2.9997892380	2.9050445557
612.4270286560	-2.9998116493	2.9040577412
613.4270858765	-2.9997880459	2.9030871391
614.4271430969	-2.9998071194	2.9021005630
615.4272003174	-2.9998102188	2.9011263847
616.4272575378	-2.9998118877	2.9001200199
617.4273147583	-2.9998025894	2.8991253376
618.4273719788	-2.9997897148	2.8981268406
619.4274291992	-2.9997816086	2.8971021175
620.4274864197	-2.9997732639	2.8960983753
621.4275436401	-2.9997937679	2.8950433731
622.4276008606	-2.9997863770	2.8940126896
623.4266576767	-2.9997889996	2.8929595947
624.4267148972	-2.9997904301	2.8919415474
625.4267721176	-2.9997992516	2.8908517361
626.4268293381	-2.9998009205	2.8897926807
627.4268865585	-2.9997906685	2.8887159824
628.4269437790	-2.9997909069	2.8876154423
629.4270009995	-2.9997916222	2.8865332603
630.4270582199	-2.9997951984	2.8854446411
631.4271154404	-2.9997622967	2.8843467236
632.4271726608	-2.9997823238	2.8832476139
633.4272298813	-2.9997866154	2.8820917606
634.4272871017	-2.9997892380	2.8809878826
635.4273443222	-2.9997949600	2.8798351288
636.4274015427	-2.9997854233	2.8786668777
637.4274587631	-2.9997870922	2.8775131702
638.4275159836	-2.9997954369	2.8763432503
639.4275732040	-2.9998097420	2.8751688004
640.4266304970	-2.9997813702	2.8739793301
641.4266877174	-2.9997785091	2.8727777004
642.4267449379	-2.9997878075	2.8715863228
643.4268016815	-2.9997999668	2.8703722954
644.4268589020	-2.9997794628	2.8691425323
645.4269161224	-2.9997935295	2.8678870201
646.4269733429	-2.9998033047	2.8666207790
647.4270305634	-2.9997844696	2.8653674126
648.4270877838	-2.9997754097	2.8640930653
649.4271450043	-2.9997496605	2.8628010750
650.4272022247	-2.9997522831	2.8614892960
651.4272594452	-2.9997730255	2.8601868153
652.4273166656	-2.9997739792	2.8588535786
653.4273738861	-2.9997916222	2.8575341702
654.4274311066	-2.9997949600	2.8561728001
655.4274883270	-2.9997870922	2.8548202515
656.4275455475	-2.9997985363	2.8534488678
657.4276027679	-2.9997801781	2.8520407677
658.4266600609	-2.9997875690	2.8506484032
659.4267168045	-2.9997973442	2.8492238522
660.4267745018	-2.9997725487	2.8477840424
661.4268312454	-2.9997801781	2.8463487625
662.4268889427	-2.9997675419	2.8448777199
663.4269456863	-2.9997611046	2.8434052467
664.4270029068	-2.9997656345	2.8419029713
665.4270601273	-2.9997811317	2.8403830528
666.4271173477	-2.9997870922	2.8388516903
667.4271740913	-2.9997727871	2.8373112679
668.4272317886	-2.9997725487	2.8357503414
669.4272885323	-2.9997720718	2.8341577053
670.4273462296	-2.9997520447	2.8325452805
671.4274029732	-2.9997589588	2.8309304714
672.4274606705	-2.9997715950	2.8293073177
673.4275174141	-2.9997892380	2.8276309967
674.4275751114	-2.9997713566	2.8259420395
675.4266319275	-2.9997785091	2.8242602348
676.4266896248	-2.9997720718	2.8225319386
677.4267463684	-2.9997787476	2.8207933903
678.4268040657	-2.9997780323	2.8190391064
679.4268608093	-2.9997973442	2.8172788620
680.4269185066	-2.9998013973	2.8154389858
681.4269752502	-2.9997570515	2.8136274815
682.4270329475	-2.9997608662	2.8117814064
683.4270896912	-2.9997947216	2.8098940849
684.4271469116	-2.9997842312	2.8080260754
685.4272041321	-2.9997606277	2.8061048985
686.4272613525	-2.9998040199	2.8041498661
687.4273180962	-2.9997739792	2.8021810055
688.4273757935	-2.9997577667	2.8001844883
689.4274325371	-2.9997689724	2.7981774807
690.4274902344	-2.9997739792	2.7961330414
691.4275469780	-2.9997603893	2.7940301895
692.4276046753	-2.9997591972	2.7919387817
693.4266614914	-2.9997694492	2.7898023129
694.4267187119	-2.9997892380	2.7876398563
695.4267759323	-2.9997780323	2.7854294777
696.4268331528	-2.9997761250	2.7832210064
697.4268903732	-2.9997889996	2.7809636593
698.4269475937	-2.9997727871	2.7786872387
699.4270048141	-2.9997992516	2.7763512135
700.4270620346	-2.9997961521	2.7740044594
701.4271192551	-2.9997906685	2.7716259956
702.4271764755	-2.9997823238	2.7692086697
703.4272336960	-2.9997930527	2.7667665482
704.4272909164	-2.9997754097	2.7642731667
705.4273481369	-2.9997918606	2.7617473602
706.4274048805	-2.9997797012	2.7592012882
707.4274621010	-2.9997899532	2.7566134930
708.4275193214	-2.9997789860	2.7539629936
709.4275765419	-2.9997806549	2.7512931824
710.4266338348	-2.9997949600	2.7485783100
