0.4330248833	1.0001077652	3.3902542591
1.4330821037	1.0001199245	3.4109630585
2.4331393242	1.0001227856	3.4234080315
3.4321966171	1.0001165867	3.4337706566
4.4322538376	1.0001105070	3.4429574013
5.4323110580	1.0001211166	3.4512531757
6.4323682785	1.0001209974	3.4588897228
7.4324254990	1.0001193285	3.4659607410
8.4324827194	1.0001208782	3.4725792408
9.4325399399	1.0001226664	3.4788110256
10.4325966835	1.0001168251	3.4846677780
11.4326539040	1.0001202822	3.4902479649
12.4327111244	1.0001162291	3.4955048561
13.4327683449	1.0001205206	3.5005235672
14.4328255653	1.0001271963	3.5053117275
15.4328827858	1.0001236200	3.5098857880
16.4329400063	1.0001285076	3.5142853260
17.4329972267	1.0001186132	3.5184853077
18.4330544472	1.0001237392	3.5225303173
19.4331116676	1.0001280308	3.5264358521
20.4331688881	1.0001276731	3.5301580429
21.4322261810	1.0001248121	3.5337648392
22.4322834015	1.0001277924	3.5372622013
23.4323406219	1.0001266003	3.5406310558
24.4323978424	1.0001250505	3.5438828468
25.4324550629	1.0001242161	3.5470354557
26.4325122833	1.0001252890	3.5500698090
27.4325695038	1.0001200438	3.5530340672
28.4326267242	1.0001230240	3.5559160709
29.4326839447	1.0001193285	3.5586867332
30.4327406883	1.0001224279	3.5613992214
31.4327979088	1.0001217127	3.5640175343
32.4328551292	1.0001316071	3.5665934086
33.4329123497	1.0001260042	3.5690941811
34.4329695702	1.0001214743	3.5715029240
35.4330267906	1.0001249313	3.5738677979
36.4330840111	1.0001270771	3.5761604309
37.4331412315	1.0001214743	3.5784239769
38.4321985245	1.0001256466	3.5806093216
39.4322557449	1.0001262426	3.5827543736
40.4323129654	1.0001214743	3.5848376751
41.4323701859	1.0001275539	3.5868794918
42.4324274063	1.0001282692	3.5888626575
43.4324846268	1.0001262426	3.5908222198
44.4325418472	1.0001287460	3.5927405357
45.4325990677	1.0001208782	3.5946271420
46.4326562881	1.0001282692	3.5964517593
47.4327135086	1.0001183748	3.5982398987
48.4327707291	1.0001220703	3.6000034809
49.4328279495	1.0001237392	3.6017234325
50.4328846931	1.0001285076	3.6034126282
51.4329419136	1.0001250505	3.6050744057
52.4329991341	1.0001296997	3.6066856384
53.4330563545	1.0001286268	3.6082968712
54.4331135750	1.0001274347	3.6098611355
55.4331707954	1.0001302958	3.6113810539
56.4322280884	1.0001276731	3.6128938198
57.4322853088	1.0001296997	3.6143772602
58.4323425293	1.0001277924	3.6158230305
59.4323997498	1.0001245737	3.6172537804
60.4324569702	1.0001236200	3.6186442375
61.4325141907	1.0001245737	3.6200339794
62.4325714111	1.0001300573	3.6214032173
63.4326286316	1.0001245737	3.6227314472
64.4326858521	1.0001264811	3.6240441799
65.4327430725	1.0001244545	3.6253294945
66.4328002930	1.0001255274	3.6265947819
67.4328575134	1.0001293421	3.6278471947
68.4329147339	1.0001263618	3.6290917397
69.4329719543	1.0001233816	3.6302943230
70.4330286980	1.0001201630	3.6314737797
71.4330859184	1.0001211166	3.6326506138
72.4331431389	1.0001311302	3.6338107586
73.4322004318	1.0001262426	3.6349573135
74.4322571754	1.0001289845	3.6360824108
75.4323148727	1.0001282692	3.6371965408
76.4323716164	1.0001289845	3.6382939816
77.4324293137	1.0001206398	3.6393687725
78.4324860573	1.0001277924	3.6404287815
79.4325437546	1.0001313686	3.6414730549
80.4326004982	1.0001249313	3.6424932480
81.4326581955	1.0001311302	3.6435234547
82.4327149391	1.0001264811	3.6445116997
83.4327726364	1.0001285076	3.6455106735
84.4328293800	1.0001251698	3.6464679241
85.4328870773	1.0001262426	3.6474487782
86.4329438210	1.0001310110	3.6483745575
87.4330015182	1.0001339912	3.6492938995
88.4330582619	1.0001332760	3.6502113342
89.4331154823	1.0001236200	3.6511201859
90.4331727028	1.0001277924	3.6519970894
91.4322295189	1.0001220703	3.6528813839
92.4322867393	1.0001302958	3.6537470818
93.4323439598	1.0001267195	3.6546025276
94.4324011803	1.0001320839	3.6554276943
95.4324584007	1.0001267195	3.6562576294
96.4325156212	1.0001295805	3.6570756435
97.4325728416	1.0001299381	3.6578679085
98.4326300621	1.0001298189	3.6586656570
99.4326872826	1.0001276731	3.6594142914
100.4327445030	1.0001268387	3.6601874828
101.4328017235	1.0001316071	3.6609601974
102.4328589439	1.0001299381	3.6616880894
103.4329161644	1.0001288652	3.6624217033
104.4329733849	1.0001288652	3.6631522179
105.4330306053	1.0001258850	3.6638584137
106.4330878258	1.0001313686	3.6645519733
107.4331450462	1.0001285076	3.6652593613
108.4322023392	1.0001338720	3.6659560204
109.4322590828	1.0001298189	3.6666386127
110.4323163033	1.0001240969	3.6672792435
111.4323735237	1.0001285076	3.6679449081
112.4324307442	1.0001289845	3.6685955524
113.4324879646	1.0001320839	3.6692295074
114.4325451851	1.0001262426	3.6698575020
115.4326024055	1.0001231432	3.6705002785
116.4326596260	1.0001267195	3.6711213589
117.4327168465	1.0001238585	3.6717157364
118.4327740669	1.0001289845	3.6723163128
119.4328312874	1.0001225471	3.6729161739
120.4328885078	1.0001306534	3.6735200882
121.4329457283	1.0001316071	3.6741080284
122.4330029488	1.0001223087	3.6746757030
123.4330601692	1.0001326799	3.6752665043
124.4331173897	1.0001289845	3.6758303642
125.4331746101	1.0001306534	3.6763913631
126.4322319031	1.0001267195	3.6769669056
127.4322891235	1.0001248121	3.6774959564
128.4323463440	1.0001318455	3.6780610085
129.4324030876	1.0001332760	3.6786005497
130.4324603081	1.0001267195	3.6791408062
131.4325175285	1.0001299381	3.6796703339
132.4325747490	1.0001298189	3.6802077293
133.4326319695	1.0001316071	3.6807322502
134.4326891899	1.0001277924	3.6812579632
135.4327464104	1.0001254082	3.6817643642
136.4328036308	1.0001308918	3.6822946072
137.4328608513	1.0001299381	3.6828200817
138.4329180717	1.0001308918	3.6833243370
139.4329752922	1.0001298189	3.6838257313
140.4330325127	1.0001230240	3.6843249798
141.4330897331	1.0001254082	3.6848125458
142.4331469536	1.0001262426	3.6853270531
143.4322042465	1.0001350641	3.6858277321
144.4322614670	1.0001329184	3.6863157749
145.4323186874	1.0001291037	3.6868078709
146.4323759079	1.0001266003	3.6872937679
147.4324331284	1.0001240969	3.6877784729
148.4324903488	1.0001281500	3.6882667542
149.4325470924	1.0001244545	3.6887397766
150.4326043129	1.0001356602	3.6892306805
151.4326615334	1.0001364946	3.6897084713
152.4327187538	1.0001304150	3.6901822090
153.4327759743	1.0001280308	3.6906452179
154.4328331947	1.0001306534	3.6911327839
155.4328904152	1.0001302958	3.6915850639
156.4329476357	1.0001277924	3.6920611858
157.4330048561	1.0001271963	3.6925168037
158.4330620766	1.0001322031	3.6929864883
159.4331192970	1.0001319647	3.6934478283
160.4331765175	1.0001227856	3.6938946247
161.4322338104	1.0001316071	3.6943485737
162.4322910309	1.0001372099	3.6948218346
163.4323482513	1.0001305342	3.6952650547
164.4324054718	1.0001291037	3.6957144737
165.4324626923	1.0001327991	3.6961705685
166.4325199127	1.0001356602	3.6966226101
167.4325771332	1.0001300573	3.6970880032
168.4326343536	1.0001236200	3.6975202560
169.4326910973	1.0001221895	3.6979572773
170.4327483177	1.0001349449	3.6984329224
171.4328055382	1.0001381636	3.6988632679
172.4328627586	1.0001285076	3.6993148327
173.4329199791	1.0001273155	3.6997509003
174.4329771996	1.0001293421	3.7001736164
175.4330344200	1.0001299381	3.7006328106
176.4330916405	1.0001283884	3.7010698318
177.4331488609	1.0001270771	3.7015028000
178.4322061539	1.0001285076	3.7019600868
179.4322633743	1.0001350641	3.7023692131
180.4323205948	1.0001350641	3.7028241158
181.4323778152	1.0001292229	3.7032451630
182.4324350357	1.0001275539	3.7037000656
183.4324922562	1.0001274347	3.7041094303
184.4325494766	1.0001345873	3.7045450211
185.4326066971	1.0001285076	3.7049922943
186.4326639175	1.0001276731	3.7054069042
187.4327211380	1.0001243353	3.7058355808
188.4327783585	1.0001281500	3.7062711716
189.4328351021	1.0001242161	3.7066977024
190.4328923225	1.0001274347	3.7071290016
191.4329495430	1.0001270771	3.7075531483
192.4330067635	1.0001289845	3.7079753876
193.4330639839	1.0001250505	3.7083966732
194.4331212044	1.0001295805	3.7088158131
195.4331784248	1.0001215935	3.7092237473
196.4322357178	1.0001232624	3.7096498013
197.4322924614	1.0001264811	3.7100746632
198.4323501587	1.0001258850	3.7104868889
199.4324069023	1.0001287460	3.7109291553
200.4324645996	1.0001292229	3.7113296986
201.4325213432	1.0001286268	3.7117495537
202.4325790405	1.0001311302	3.7121729851
203.4326357841	1.0001236200	3.7125790119
204.4326934814	1.0001285076	3.7130119801
205.4327502251	1.0001271963	3.7134056091
206.4328079224	1.0001318455	3.7138338089
207.4328646660	1.0001280308	3.7142655849
208.4329218864	1.0001245737	3.7146623135
209.4329791069	1.0001325607	3.7150809765
210.4330363274	1.0001338720	3.7155086994
211.4330935478	1.0001270771	3.7159018517
212.4331507683	1.0001300573	3.7163057327
213.4322075844	1.0001316071	3.7167191505
214.4322648048	1.0001324415	3.7171204090
215.4323220253	1.0001250505	3.7175416946
216.4323792458	1.0001261234	3.7179608345
217.4324364662	1.0001246929	3.7183637619
218.4324936867	1.0001254082	3.7187631130
219.4325509071	1.0001292229	3.7191810608
220.4326081276	1.0001339912	3.7195818424
221.4326653481	1.0001302958	3.7199885845
222.4327225685	1.0001273155	3.7204031944
223.4327797890	1.0001324415	3.7207975388
224.4328370094	1.0001267195	3.7212107182
225.4328942299	1.0001276731	3.7216045856
226.4329514503	1.0001341105	3.7219948769
227.4330086708	1.0001331568	3.7224128246
228.4330658913	1.0001285076	3.7228312492
229.4331231117	1.0001248121	3.7232372761
230.4331803322	1.0001319647	3.7236392498
231.4322371483	1.0001311302	3.7240262032
232.4322943687	1.0001254082	3.7244260311
233.4323515892	1.0001219511	3.7248268127
234.4324088097	1.0001266003	3.7252216339
235.4324660301	1.0001280308	3.7256433964
236.4325232506	1.0001224279	3.7260329723
237.4325804710	1.0001276731	3.7264404297
238.4326376915	1.0001349449	3.7268242836
239.4326949120	1.0001270771	3.7272329330
240.4327521324	1.0001271963	3.7276244164
241.4328093529	1.0001267195	3.7280139923
242.4328665733	1.0001292229	3.7283971310
243.4329237938	1.0001252890	3.7287974358
244.4329810143	1.0001276731	3.7292053699
245.4330382347	1.0001211166	3.7295889854
246.4330954552	1.0001293421	3.7299983501
247.4331526756	1.0001271963	3.7303869724
248.4322094917	1.0001279116	3.7307946682
249.4322667122	1.0001236200	3.7311797142
250.4323239326	1.0001283884	3.7315735817
251.4323811531	1.0001283884	3.7319669724
252.4324383736	1.0001286268	3.7323644161
253.4324955940	1.0001226664	3.7327654362
254.4325528145	1.0001249313	3.7331345081
255.4326100349	1.0001227856	3.7335472107
256.4326672554	1.0001249313	3.7339389324
257.4327244759	1.0001329184	3.7343239784
258.4327816963	1.0001311302	3.7347254753
259.4328389168	1.0001262426	3.7351067066
260.4328961372	1.0001329184	3.7355041504
261.4329533577	1.0001389980	3.7359175682
262.4330105782	1.0001264811	3.7362911701
263.4330677986	1.0001368523	3.7366814613
264.4331250191	1.0001358986	3.7370953560
265.4331822395	1.0001258850	3.7374706268
266.4322395325	1.0001299381	3.7378668785
267.4322967529	1.0001300573	3.7382447720
268.4323534966	1.0001248121	3.7386238575
269.4324107170	1.0001327991	3.7390251160
270.4324679375	1.0001345873	3.7394216061
271.4325251579	1.0001319647	3.7398116589
272.4325823784	1.0001294613	3.7401962280
273.4326395988	1.0001306534	3.7405905724
274.4326968193	1.0001277924	3.7409667969
275.4327540398	1.0001287460	3.7413697243
276.4328112602	1.0001318455	3.7417569160
277.4328684807	1.0001289845	3.7421543598
278.4329257011	1.0001295805	3.7425427437
279.4329829216	1.0001298189	3.7429137230
280.4330401421	1.0001311302	3.7433187962
281.4330973625	1.0001287460	3.7437024117
282.4331545830	1.0001324415	3.7440855503
283.4322118759	1.0001245737	3.7444744110
284.4322690964	1.0001289845	3.7448632717
285.4323263168	1.0001319647	3.7452557087
286.4323835373	1.0001280308	3.7456333637
287.4324407578	1.0001271963	3.7460255623
288.4324975014	1.0001317263	3.7464270592
289.4325547218	1.0001271963	3.7468078136
290.4326119423	1.0001293421	3.7471747398
291.4326691628	1.0001296997	3.7475743294
292.4327263832	1.0001308918	3.7479724884
293.4327836037	1.0001302958	3.7483463287
294.4328408241	1.0001317263	3.7487235069
295.4328980446	1.0001308918	3.7491126060
296.4329552650	1.0001311302	3.7495119572
297.4330124855	1.0001271963	3.7498934269
298.4330697060	1.0001294613	3.7502954006
299.4331269264	1.0001289845	3.7506678104
300.4331841469	1.0001310110	3.7510550022
301.4322414398	1.0001310110	3.7514333725
302.4322986603	1.0001305342	3.7518177032
303.4323558807	1.0001325607	3.7521975040
304.4324131012	1.0001257658	3.7525818348
305.4324703217	1.0001246929	3.7529835701
306.4325275421	1.0001311302	3.7533702850
307.4325842857	1.0001267195	3.7537455559
308.4326415062	1.0001217127	3.7541282177
309.4326987267	1.0001250505	3.7545001507
310.4327559471	1.0001299381	3.7549014091
311.4328131676	1.0001250505	3.7552773952
312.4328703880	1.0001341105	3.7556636333
313.4329276085	1.0001287460	3.7560491562
314.4329848289	1.0001291037	3.7564482689
315.4330420494	1.0001271963	3.7568259239
316.4330992699	1.0001245737	3.7572050095
317.4331564903	1.0001330376	3.7575929165
318.4322133064	1.0001333952	3.7579967976
319.4322710037	1.0001237392	3.7583754063
320.4323277473	1.0001286268	3.7587537766
321.4323854446	1.0001292229	3.7591314316
322.4324421883	1.0001337528	3.7595298290
323.4324998856	1.0001302958	3.7599077225
324.4325566292	1.0001289845	3.7602918148
325.4326143265	1.0001292229	3.7606909275
326.4326710701	1.0001224279	3.7610628605
327.4327282906	1.0001311302	3.7614433765
328.4327855110	1.0001289845	3.7618269920
329.4328427315	1.0001246929	3.7621910572
330.4328999519	1.0001337528	3.7625768185
331.4329571724	1.0001246929	3.7629749775
332.4330139160	1.0001244545	3.7633776665
333.4330716133	1.0001192093	3.7637512684
334.4331283569	1.0001286268	3.7641444206
335.4331860542	1.0001279116	3.7645208836
336.4322428703	1.0001275539	3.7649123669
337.4323000908	1.0001242161	3.7652943134
338.4323573112	1.0001227856	3.7656643391
339.4324145317	1.0001294613	3.7660806179
340.4324717522	1.0001246929	3.7664592266
341.4325289726	1.0001230240	3.7668352127
342.4325861931	1.0001268387	3.7672150135
343.4326434135	1.0001245737	3.7675921917
344.4327006340	1.0001195669	3.7679736614
345.4327578545	1.0001208782	3.7683639526
346.4328150749	1.0001300573	3.7687485218
347.4328722954	1.0001257658	3.7691209316
348.4329295158	1.0001246929	3.7695040703
349.4329867363	1.0001262426	3.7698976994
350.4330439568	1.0001254082	3.7702891827
351.4331007004	1.0001262426	3.7706673145
352.4331579208	1.0001300573	3.7710549831
353.4322152138	1.0001230240	3.7714304924
354.4322724342	1.0001305342	3.7718307972
355.4323296547	1.0001274347	3.7722034454
356.4323868752	1.0001246929	3.7725903988
357.4324440956	1.0001262426	3.7729558945
358.4325013161	1.0001335144	3.7733619213
359.4325585365	1.0001276731	3.7737421989
360.4326157570	1.0001230240	3.7741167545
361.4326729774	1.0001276731	3.7745077610
362.4327301979	1.0001255274	3.7748882771
363.4327874184	1.0001288652	3.7752618790
364.4328446388	1.0001256466	3.7756628990
365.4329018593	1.0001312494	3.7760426998
366.4329590797	1.0001305342	3.7764415741
367.4330163002	1.0001224279	3.7768118382
368.4330735207	1.0001302958	3.7772161961
369.4331307411	1.0001319647	3.7775881290
370.4331874847	1.0001282692	3.7779777050
371.4332447052	1.0001288652	3.7783508301
372.4333019257	1.0001302958	3.7787358761
373.4333591461	1.0001245737	3.7791132927
374.4334163666	1.0001263618	3.7795059681
375.4334735870	1.0001249313	3.7798745632
376.4335308075	1.0001311302	3.7802596092
377.4335880280	1.0001298189	3.7806563377
378.4336452484	1.0001242161	3.7810311317
379.4337024689	1.0001330376	3.7814326286
380.4337596893	1.0001254082	3.7817959785
381.4338169098	1.0001232624	3.7822020054
382.4338741302	1.0001242161	3.7825675011
383.4339313507	1.0001279116	3.7829477787
384.4339885712	1.0001257658	3.7833228111
385.4340457916	1.0001268387	3.7837302685
386.4341030121	1.0001268387	3.7841041088
387.4341602325	1.0001243353	3.7844827175
388.4332175255	1.0001271963	3.7848560810
389.4332747459	1.0001286268	3.7852416039
390.4333314896	1.0001212358	3.7856206894
391.4333887100	1.0001207590	3.7860076427
392.4334459305	1.0001271963	3.7863876820
393.4335031509	1.0001260042	3.7867836952
394.4335603714	1.0001262426	3.7871682644
395.4336175919	1.0001271963	3.7875385284
396.4336748123	1.0001314878	3.7879152298
397.4337320328	1.0001285076	3.7883052826
398.4337892532	1.0001224279	3.7886936665
399.4338464737	1.0001248121	3.7890710831
400.4339036942	1.0001293421	3.7894513607
401.4339609146	1.0001276731	3.7898557186
402.4340181351	1.0001206398	3.7902078629
403.4340753555	1.0001286268	3.7905888557
404.4341325760	1.0001240969	3.7909641266
405.4331898689	1.0001209974	3.7913541794
406.4332470894	1.0001280308	3.7917506695
407.4333043098	1.0001225471	3.7921330929
408.4333615303	1.0001183748	3.7925026417
409.4334187508	1.0001245737	3.7928786278
410.4334754944	1.0001232624	3.7932684422
411.4335327148	1.0001218319	3.7936506271
412.4335899353	1.0001282692	3.7940175533
413.4336471558	1.0001289845	3.7944278717
414.4337043762	1.0001232624	3.7948119640
415.4337615967	1.0001268387	3.7951884270
416.4338188171	1.0001304150	3.7955653667
417.4338760376	1.0001254082	3.7959623337
418.4339332581	1.0001266003	3.7963252068
419.4339904785	1.0001333952	3.7967114449
420.4340476990	1.0001233816	3.7970898151
421.4341049194	1.0001311302	3.7974658012
422.4341621399	1.0001281500	3.7978453636
423.4332194328	1.0001237392	3.7982175350
424.4332766533	1.0001232624	3.7986087799
425.4333338737	1.0001282692	3.7989885807
426.4333910942	1.0001260042	3.7993750572
427.4334483147	1.0001225471	3.7997508049
428.4335055351	1.0001254082	3.8001286983
429.4335627556	1.0001271963	3.8005270958
430.4336194992	1.0001271963	3.8009033203
431.4336767197	1.0001262426	3.8012614250
432.4337339401	1.0001274347	3.8016486168
433.4337911606	1.0001258850	3.8020341396
434.4338483810	1.0001206398	3.8024134636
435.4339056015	1.0001237392	3.8027851582
436.4339628220	1.0001231432	3.8031637669
437.4340200424	1.0001330376	3.8035678864
438.4340772629	1.0001258850	3.8039402962
439.4341344833	1.0001249313	3.8043024540
440.4331917763	1.0001209974	3.8046886921
441.4332489967	1.0001224279	3.8050632477
442.4333062172	1.0001287460	3.8054430485
443.4333634377	1.0001240969	3.8058316708
444.4334206581	1.0001204014	3.8062059879
445.4334778786	1.0001311302	3.8065884113
446.4335350990	1.0001225471	3.8069589138
447.4335923195	1.0001298189	3.8073616028
448.4336495399	1.0001245737	3.8077151775
449.4337062836	1.0001301765	3.8081011772
450.4337635040	1.0001293421	3.8084740639
451.4338207245	1.0001296997	3.8088572025
452.4338779449	1.0001249313	3.8092384338
453.4339351654	1.0001249313	3.8096010685
454.4339923859	1.0001289845	3.8099961281
455.4340496063	1.0001218319	3.8103673458
456.4341068268	1.0001245737	3.8107562065
457.4341640472	1.0001240969	3.8111121655
458.4332213402	1.0001263618	3.8114941120
459.4332780838	1.0001271963	3.8118739128
460.4333357811	1.0001258850	3.8122549057
461.4333925247	1.0001231432	3.8126480579
462.4334502220	1.0001231432	3.8130104542
463.4335069656	1.0001289845	3.8133811951
464.4335646629	1.0001274347	3.8137598038
465.4336214066	1.0001231432	3.8141360283
466.4336791039	1.0001262426	3.8145055771
467.4337358475	1.0001269579	3.8148951530
468.4337935448	1.0001243353	3.8152630329
469.4338502884	1.0001254082	3.8156375885
470.4339075089	1.0001301765	3.8160116673
471.4339647293	1.0001275539	3.8163795471
472.4340219498	1.0001225471	3.8167688847
473.4340786934	1.0001207590	3.8171257973
474.4341363907	1.0001276731	3.8175058365
475.4331932068	1.0001257658	3.8178887367
476.4332504272	1.0001163483	3.8182585239
477.4333076477	1.0001209974	3.8186435699
478.4333648682	1.0001242161	3.8190071583
479.4334220886	1.0001238585	3.8193881512
480.4334793091	1.0001171827	3.8197572231
481.4335365295	1.0001319647	3.8201413155
482.4335937500	1.0001202822	3.8205091953
483.4336509705	1.0001243353	3.8208987713
484.4337081909	1.0001273155	3.8212554455
485.4337654114	1.0001214743	3.8216276169
486.4338226318	1.0001245737	3.8219940662
487.4338798523	1.0001267195	3.8223812580
488.4339370728	1.0001281500	3.8227672577
489.4339942932	1.0001258850	3.8231203556
490.4340515137	1.0001263618	3.8234956264
491.4341087341	1.0001239777	3.8238747120
492.4341659546	1.0001235008	3.8242404461
493.4332227707	1.0001201630	3.8246133327
494.4332799911	1.0001223087	3.8249890804
495.4333372116	1.0001193285	3.8253576756
496.4333944321	1.0001267195	3.8257505894
497.4334516525	1.0001236200	3.8261117935
498.4335088730	1.0001277924	3.8264923096
499.4335660934	1.0001231432	3.8268444538
500.4336233139	1.0001266003	3.8272149563
501.4336805344	1.0001231432	3.8275792599
502.4337377548	1.0001184940	3.8279614449
503.4337949753	1.0001232624	3.8283190727
504.4338521957	1.0001281500	3.8287045956
505.4339094162	1.0001246929	3.8290824890
506.4339666367	1.0001257658	3.8294386864
507.4340238571	1.0001258850	3.8298027515
508.4340810776	1.0001217127	3.8301737309
509.4341382980	1.0001232624	3.8305358887
510.4331951141	1.0001287460	3.8309197426
511.4332523346	1.0001231432	3.8312966824
512.4333095551	1.0001260042	3.8316464424
513.4333667755	1.0001245737	3.8320310116
514.4334239960	1.0001208782	3.8324034214
515.4334812164	1.0001288652	3.8327751160
516.4335384369	1.0001276731	3.8331334591
517.4335956573	1.0001296997	3.8335039616
518.4336528778	1.0001289845	3.8338646889
519.4337100983	1.0001250505	3.8342423439
520.4337673187	1.0001245737	3.8345992565
521.4338245392	1.0001316071	3.8349606991
522.4338817596	1.0001244545	3.8353252411
523.4339389801	1.0001295805	3.8357110023
524.4339962006	1.0001313686	3.8360600471
525.4340534210	1.0001316071	3.8364391327
526.4341106415	1.0001250505	3.8368012905
527.4341678619	1.0001295805	3.8371577263
528.4332251549	1.0001285076	3.8375120163
529.4332818985	1.0001262426	3.8378825188
530.4333391190	1.0001285076	3.8382380009
531.4333963394	1.0001327991	3.8386080265
532.4334535599	1.0001200438	3.8389616013
533.4335107803	1.0001283884	3.8393275738
534.4335680008	1.0001227856	3.8396809101
535.4336252213	1.0001219511	3.8400502205
536.4336824417	1.0001269579	3.8404097557
537.4337396622	1.0001264811	3.8407704830
538.4337968826	1.0001207590	3.8411378860
539.4338541031	1.0001255274	3.8414835930
540.4339113235	1.0001243353	3.8418579102
541.4339685440	1.0001227856	3.8422179222
542.4340257645	1.0001263618	3.8425681591
543.4340829849	1.0001283884	3.8429265022
544.4341402054	1.0001183748	3.8432750702
545.4331974983	1.0001198053	3.8436400890
546.4332547188	1.0001175404	3.8440012932
547.4333119392	1.0001205206	3.8443548679
548.4333686829	1.0001206398	3.8447127342
549.4334259033	1.0001151562	3.8450617790
550.4334831238	1.0001232624	3.8454158306
551.4335403442	1.0001248121	3.8457930088
552.4335975647	1.0001226664	3.8461282253
553.4336547852	1.0001262426	3.8465099335
554.4337120056	1.0001198053	3.8468542099
555.4337692261	1.0001270771	3.8472125530
556.4338264465	1.0001254082	3.8475637436
557.4338836670	1.0001226664	3.8479297161
558.4339408875	1.0001180172	3.8482708931
559.4339981079	1.0001242161	3.8486311436
560.4340553284	1.0001262426	3.8489744663
561.4341125488	1.0001257658	3.8493316174
562.4341697693	1.0001156330	3.8496730328
563.4332270622	1.0001183748	3.8500208855
564.4332842827	1.0001225471	3.8503932953
565.4333415031	1.0001231432	3.8507428169
566.4333987236	1.0001233816	3.8510909081
567.4334559441	1.0001275539	3.8514378071
568.4335126877	1.0001162291	3.8517789841
569.4335699081	1.0001242161	3.8521416187
570.4336271286	1.0001202822	3.8524878025
571.4336843491	1.0001244545	3.8528645039
572.4337415695	1.0001245737	3.8531935215
573.4337987900	1.0001232624	3.8535351753
574.4338560104	1.0001199245	3.8538856506
575.4339132309	1.0001287460	3.8542318344
576.4339704514	1.0001256466	3.8545749187
577.4340276718	1.0001180172	3.8549163342
578.4340848923	1.0001231432	3.8552675247
579.4341421127	1.0001211166	3.8556058407
580.4331989288	1.0001230240	3.8559715748
581.4332566261	1.0001183748	3.8563017845
582.4333133698	1.0001212358	3.8566536903
583.4333710670	1.0001184940	3.8569803238
584.4334278107	1.0001170635	3.8573246002
585.4334855080	1.0001225471	3.8576643467
586.4335422516	1.0001294613	3.8580186367
587.4335999489	1.0001219511	3.8583509922
588.4336566925	1.0001208782	3.8586902618
589.4337139130	1.0001198053	3.8590252399
590.4337711334	1.0001232624	3.8593719006
591.4338283539	1.0001180172	3.8596920967
592.4338850975	1.0001205206	3.8600330353
593.4339427948	1.0001208782	3.8603813648
594.4339995384	1.0001183748	3.8607137203
595.4340572357	1.0001186132	3.8610649109
596.4341139793	1.0001144409	3.8613910675
597.4341716766	1.0001206398	3.8617217541
598.4332284927	1.0001226664	3.8620667458
599.4332857132	1.0001263618	3.8623919487
600.4333429337	1.0001268387	3.8627197742
601.4334001541	1.0001161098	3.8630502224
602.4334573746	1.0001206398	3.8633823395
603.4335145950	1.0001240969	3.8637154102
604.4335718155	1.0001165867	3.8640420437
605.4336290359	1.0001249313	3.8643653393
606.4336862564	1.0001198053	3.8646843433
607.4337434769	1.0001209974	3.8650326729
608.4338006973	1.0001196861	3.8653624058
609.4338579178	1.0001147985	3.8656818867
610.4339151382	1.0001218319	3.8660132885
611.4339723587	1.0001202822	3.8663277626
612.4340291023	1.0001217127	3.8666491508
613.4340863228	1.0001206398	3.8669822216
614.4341435432	1.0001219511	3.8673062325
615.4332008362	1.0001214743	3.8676300049
616.4332580566	1.0001206398	3.8679435253
617.4333152771	1.0001220703	3.8682529926
618.4333724976	1.0001301765	3.8685848713
619.4334297180	1.0001196861	3.8688981533
620.4334869385	1.0001223087	3.8692119122
621.4335441589	1.0001251698	3.8695397377
622.4336013794	1.0001273155	3.8698549271
623.4336585999	1.0001200438	3.8701744080
624.4337158203	1.0001239777	3.8705048561
625.4337730408	1.0001249313	3.8708226681
626.4338302612	1.0001238585	3.8711268902
627.4338874817	1.0001239777	3.8714351654
628.4339447021	1.0001254082	3.8717432022
629.4340019226	1.0001225471	3.8720614910
630.4340591431	1.0001231432	3.8723669052
631.4341158867	1.0001295805	3.8726887703
632.4341731071	1.0001267195	3.8730037212
633.4332304001	1.0001236200	3.8733105659
634.4332876205	1.0001258850	3.8736162186
635.4333448410	1.0001221895	3.8739085197
636.4334020615	1.0001206398	3.8742246628
637.4334592819	1.0001248121	3.8745219707
638.4335165024	1.0001287460	3.8748373985
639.4335737228	1.0001206398	3.8751277924
640.4336309433	1.0001283884	3.8754432201
641.4336881638	1.0001271963	3.8757441044
642.4337453842	1.0001198053	3.8760292530
643.4338026047	1.0001264811	3.8763494492
644.4338598251	1.0001274347	3.8766345978
645.4339170456	1.0001208782	3.8769268990
646.4339742661	1.0001225471	3.8772182465
647.4340314865	1.0001254082	3.8775143623
648.4340887070	1.0001181364	3.8778152466
649.4341459274	1.0001229048	3.8781151772
650.4332027435	1.0001271963	3.8784081936
651.4332599640	1.0001270771	3.8787069321
652.4333171844	1.0001230240	3.8789956570
653.4333744049	1.0001254082	3.8792726994
654.4334316254	1.0001274347	3.8795797825
655.4334888458	1.0001268387	3.8798685074
656.4335460663	1.0001176596	3.8801507950
657.4336032867	1.0001266003	3.8804428577
658.4336605072	1.0001255274	3.8807196617
659.4337177277	1.0001231432	3.8809902668
660.4337749481	1.0001232624	3.8812642097
661.4338321686	1.0001302958	3.8815705776
662.4338893890	1.0001175404	3.8818418980
663.4339466095	1.0001239777	3.8821027279
664.4340038300	1.0001306534	3.8824081421
665.4340610504	1.0001207590	3.8826696873
666.4341182709	1.0001282692	3.8829412460
667.4341754913	1.0001270771	3.8832199574
668.4332323074	1.0001254082	3.8834924698
669.4332895279	1.0001249313	3.8837537766
670.4333467484	1.0001350641	3.8840370178
671.4334039688	1.0001264811	3.8843014240
672.4334611893	1.0001319647	3.8845725060
673.4335184097	1.0001249313	3.8848488331
674.4335756302	1.0001266003	3.8851141930
675.4336328506	1.0001254082	3.8853764534
676.4336900711	1.0001282692	3.8856549263
677.4337472916	1.0001289845	3.8859243393
678.4338045120	1.0001227856	3.8861699104
679.4338617325	1.0001280308	3.8864388466
680.4339189529	1.0001250505	3.8866820335
681.4339761734	1.0001280308	3.8869459629
682.4340333939	1.0001240969	3.8872175217
683.4340906143	1.0001245737	3.8874552250
684.4341478348	1.0001244545	3.8877336979
685.4332051277	1.0001189709	3.8879618645
686.4332623482	1.0001276731	3.8882353306
687.4333190918	1.0001243353	3.8884789944
688.4333763123	1.0001227856	3.8887412548
689.4334335327	1.0001268387	3.8889749050
690.4334907532	1.0001223087	3.8892304897
691.4335479736	1.0001180172	3.8894774914
692.4336051941	1.0001293421	3.8897321224
693.4336624146	1.0001312494	3.8899867535
694.4337196350	1.0001224279	3.8902299404
695.4337768555	1.0001233816	3.8904578686
696.4338340759	1.0001224279	3.8907201290
697.4338912964	1.0001232624	3.8909618855
698.4339485168	1.0001249313	3.8912053108
699.4340057373	1.0001230240	3.8914337158
700.4340629578	1.0001280308	3.8916738033
701.4341201782	1.0001232624	3.8919112682
702.4341773987	1.0001198053	3.8921303749
703.4332342148	1.0001178980	3.8923463821
704.4332919121	1.0001220703	3.8926079273
705.4333486557	1.0001169443	3.8928248882
706.4334063530	1.0001254082	3.8930678368
707.4334630966	1.0001178980	3.8932893276
708.4335203171	1.0001237392	3.8935079575
709.4335775375	1.0001281500	3.8937354088
710.4336347580	1.0001231432	3.8939661980
711.4336915016	1.0001249313	3.8941881657
712.4337491989	1.0001212358	3.8944222927
713.4338059425	1.0001188517	3.8946378231
714.4338636398	1.0001217127	3.8948595524
715.4339203835	1.0001164675	3.8950951099
716.4339780807	1.0001214743	3.8952946663
717.4340348244	1.0001213551	3.8955149651
718.4340925217	1.0001165867	3.8957302570
719.4341492653	1.0001220703	3.8959512711
720.4332065582	1.0001193285	3.8961765766
721.4332637787	1.0001231432	3.8963861465
722.4333209991	1.0001240969	3.8966095448
723.4333782196	1.0001196861	3.8968334198
724.4334354401	1.0001251698	3.8970384598
725.4334926605	1.0001195669	3.8972411156
726.4335498810	1.0001176596	3.8974533081
727.4336071014	1.0001180172	3.8976609707
728.4336643219	1.0001202822	3.8978564739
729.4337215424	1.0001162291	3.8980576992
730.4337782860	1.0001153946	3.8982844353
731.4338355064	1.0001188517	3.8984873295
732.4338927269	1.0001157522	3.8986754417
733.4339499474	1.0001149178	3.8988959789
734.4340071678	1.0001193285	3.8990881443
735.4340643883	1.0001195669	3.8992903233
736.4341216087	1.0001181364	3.8994853497
737.4341788292	1.0001214743	3.8996648788
738.4332361221	1.0001223087	3.8998863697
739.4332933426	1.0001202822	3.9000799656
740.4333505630	1.0001226664	3.9002659321
741.4334077835	1.0001221895	3.9004650116
742.4334650040	1.0001231432	3.9006643295
743.4335222244	1.0001157522	3.9008316994
744.4335794449	1.0001231432	3.9010336399
745.4336366653	1.0001171827	3.9012379646
746.4336938858	1.0001236200	3.9014205933
747.4337511063	1.0001250505	3.9015984535
748.4338083267	1.0001153946	3.9017851353
749.4338655472	1.0001293421	3.9019758701
750.4339222908	1.0001258850	3.9021761417
751.4339795113	1.0001173019	3.9023468494
752.4340367317	1.0001239777	3.9025440216
753.4340939522	1.0001188517	3.9027230740
754.4341511726	1.0001223087	3.9029121399
755.4332084656	1.0001237392	3.9030895233
756.4332656860	1.0001223087	3.9032716751
757.4333229065	1.0001149178	3.9034337997
758.4333801270	1.0001232624	3.9036355019
759.4334373474	1.0001189709	3.9038281441
760.4334945679	1.0001167059	3.9040067196
761.4335517883	1.0001211166	3.9041874409
762.4336090088	1.0001208782	3.9043583870
763.4336662292	1.0001126528	3.9045193195
764.4337234497	1.0001206398	3.9046933651
765.4337806702	1.0001225471	3.9048891068
766.4338378906	1.0001140833	3.9050719738
767.4338951111	1.0001223087	3.9052386284
768.4339523315	1.0001201630	3.9054260254
769.4340095520	1.0001143217	3.9055831432
770.4340662956	1.0001206398	3.9057557583
771.4341235161	1.0001227856	3.9059386253
772.4341807365	1.0001170635	3.9061100483
773.4332380295	1.0001188517	3.9062683582
774.4332952499	1.0001204014	3.9064583778
775.4333524704	1.0001184940	3.9066283703
776.4334096909	1.0001159906	3.9067769051
777.4334669113	1.0001229048	3.9069597721
778.4335241318	1.0001178980	3.9071283340
779.4335813522	1.0001217127	3.9072973728
780.4336385727	1.0001230240	3.9074721336
781.4336957932	1.0001173019	3.9076318741
782.4337530136	1.0001217127	3.9077863693
783.4338102341	1.0001215935	3.9079530239
784.4338674545	1.0001221895	3.9081206322
785.4339246750	1.0001256466	3.9082732201
786.4339818954	1.0001209974	3.9084589481
787.4340391159	1.0001209974	3.9086134434
788.4340963364	1.0001187325	3.9087936878
789.4341535568	1.0001213551	3.9089396000
790.4332103729	1.0001199245	3.9090960026
791.4332675934	1.0001212358	3.9092693329
792.4333248138	1.0001171827	3.9094359875
793.4333820343	1.0001157522	3.9095826149
794.4334392548	1.0001144409	3.9097461700
795.4334964752	1.0001257658	3.9099106789
796.4335536957	1.0001204014	3.9100611210
797.4336109161	1.0001182556	3.9102067947
798.4336681366	1.0001201630	3.9103527069
799.4337253571	1.0001178980	3.9105124474
800.4337825775	1.0001167059	3.9106607437
801.4338397980	1.0001180172	3.9108214378
802.4338970184	1.0001208782	3.9109876156
803.4339542389	1.0001170635	3.9111440182
804.4340114594	1.0001190901	3.9112844467
805.4340686798	1.0001183748	3.9114482403
806.4341259003	1.0001224279	3.9115977287
807.4341831207	1.0001232624	3.9117479324
808.4332399368	1.0001167059	3.9118995667
809.4332971573	1.0001183748	3.9120488167
810.4333543777	1.0001170635	3.9122109413
811.4334115982	1.0001142025	3.9123573303
812.4334688187	1.0001132488	3.9125199318
813.4335260391	1.0001177788	3.9126629829
814.4335832596	1.0001201630	3.9128119946
815.4336404800	1.0001132488	3.9129493237
816.4336977005	1.0001126528	3.9131126404
817.4337549210	1.0001218319	3.9132623672
818.4338121414	1.0001206398	3.9134297371
819.4338693619	1.0001121759	3.9135696888
820.4339265823	1.0001190901	3.9137222767
821.4339838028	1.0001206398	3.9138693810
822.4340410233	1.0001091957	3.9140183926
823.4340982437	1.0001219511	3.9141538143
824.4341554642	1.0001162291	3.9143083096
825.4332127571	1.0001198053	3.9144594669
826.4332695007	1.0001192093	3.9146180153
827.4333267212	1.0001188517	3.9147655964
828.4333839417	1.0001256466	3.9149193764
829.4334411621	1.0001208782	3.9150521755
830.4334979057	1.0001240969	3.9151906967
831.4335556030	1.0001214743	3.9153561592
832.4336123466	1.0001237392	3.9154856205
833.4336700439	1.0001176596	3.9156281948
834.4337267876	1.0001217127	3.9157769680
835.4337844849	1.0001229048	3.9159228802
836.4338412285	1.0001128912	3.9160635471
837.4338989258	1.0001229048	3.9161992073
838.4339556694	1.0001206398	3.9163584709
839.4340133667	1.0001236200	3.9164924622
840.4340701103	1.0001233816	3.9166526794
841.4341278076	1.0001181364	3.9167947769
842.4341845512	1.0001204014	3.9169239998
843.4332418442	1.0001190901	3.9170639515
844.4332990646	1.0001198053	3.9172248840
845.4333562851	1.0001176596	3.9173545837
846.4334135056	1.0001162291	3.9174969196
847.4334707260	1.0001195669	3.9176423550
848.4335279465	1.0001130104	3.9177670479
849.4335846901	1.0001205206	3.9179151058
850.4336419106	1.0001174212	3.9180567265
851.4336991310	1.0001102686	3.9181969166
852.4337563515	1.0001231432	3.9183387756
853.4338135719	1.0001177788	3.9184858799
854.4338707924	1.0001171827	3.9186182022
855.4339280128	1.0001180172	3.9187474251
856.4339852333	1.0001127720	3.9189057350
857.4340424538	1.0001146793	3.9190273285
858.4340996742	1.0001204014	3.9191865921
859.4341568947	1.0001178980	3.9193344116
860.4332141876	1.0001138449	3.9194519520
861.4332714081	1.0001262426	3.9195976257
862.4333286285	1.0001212358	3.9197266102
863.4333858490	1.0001159906	3.9198718071
864.4334430695	1.0001207590	3.9199984074
865.4335002899	1.0001223087	3.9201247692
866.4335575104	1.0001183748	3.9202547073
867.4336147308	1.0001147985	3.9203972816
868.4336719513	1.0001149178	3.9205243587
869.4337286949	1.0001205206	3.9206516743
870.4337859154	1.0001213551	3.9207947254
871.4338431358	1.0001165867	3.9209172726
872.4339003563	1.0001127720	3.9210588932
873.4339575768	1.0001176596	3.9211871624
874.4340147972	1.0001109838	3.9213356972
875.4340720177	1.0001147985	3.9214498997
876.4341292381	1.0001155138	3.9216005802
877.4341864586	1.0001140833	3.9217324257
878.4332437515	1.0001190901	3.9218626022
879.4333009720	1.0001226664	3.9220058918
880.4333581924	1.0001176596	3.9221358299
881.4334154129	1.0001192093	3.9222614765
882.4334726334	1.0001157522	3.9223949909
883.4335298538	1.0001140833	3.9225268364
884.4335870743	1.0001157522	3.9226603508
885.4336442947	1.0001189709	3.9227955341
886.4337015152	1.0001181364	3.9229249954
887.4337587357	1.0001170635	3.9230458736
888.4338159561	1.0001131296	3.9231727123
889.4338726997	1.0001219511	3.9233050346
890.4339299202	1.0001138449	3.9234244823
891.4339871407	1.0001171827	3.9235520363
892.4340443611	1.0001101494	3.9236834049
893.4341015816	1.0001214743	3.9238290787
894.4341588020	1.0001194477	3.9239411354
895.4332160950	1.0001150370	3.9240703583
896.4332733154	1.0001167059	3.9241979122
897.4333305359	1.0001240969	3.9243330956
898.4333877563	1.0001171827	3.9244592190
899.4334449768	1.0001157522	3.9245750904
900.4335021973	1.0001214743	3.9247334003
901.4335594177	1.0001146793	3.9248547554
902.4336166382	1.0001285076	3.9249942303
903.4336738586	1.0001159906	3.9251039028
904.4337310791	1.0001201630	3.9252467155
905.4337882996	1.0001157522	3.9253563881
906.4338455200	1.0001221895	3.9254941940
907.4339027405	1.0001111031	3.9256231785
908.4339594841	1.0001175404	3.9257564545
909.4340167046	1.0001164675	3.9258728027
910.4340739250	1.0001184940	3.9259908199
911.4341311455	1.0001112223	3.9261159897
912.4331884384	1.0001209974	3.9262151718
913.4332456589	1.0001144409	3.9263615608
914.4333028793	1.0001099110	3.9264791012
915.4333600998	1.0001130104	3.9266061783
916.4334173203	1.0001153946	3.9267275333
917.4334745407	1.0001090765	3.9268624783
918.4335317612	1.0001186132	3.9269895554
919.4335889816	1.0001138449	3.9271185398
920.4336462021	1.0001066923	3.9272420406
921.4337034225	1.0001163483	3.9273545742
922.4337606430	1.0001157522	3.9274752140
923.4338178635	1.0001097918	3.9276158810
924.4338750839	1.0001132488	3.9277408123
925.4339323044	1.0001193285	3.9278767109
926.4339895248	1.0001136065	3.9279916286
927.4340467453	1.0001130104	3.9281198978
928.4341034889	1.0001120567	3.9282269478
929.4341607094	1.0001126528	3.9283609390
930.4332180023	1.0001150370	3.9284820557
931.4332752228	1.0001101494	3.9286141396
932.4333324432	1.0001170635	3.9287335873
933.4333896637	1.0001143217	3.9288635254
934.4334468842	1.0001136065	3.9289906025
935.4335041046	1.0001182556	3.9291141033
936.4335613251	1.0001201630	3.9292380810
937.4336185455	1.0001164675	3.9293553829
938.4336757660	1.0001176596	3.9294667244
939.4337329865	1.0001115799	3.9295864105
940.4337902069	1.0001096725	3.9297075272
941.4338474274	1.0001158714	3.9298310280
942.4339046478	1.0001136065	3.9299569130
943.4339618683	1.0001130104	3.9300799370
944.4340190887	1.0001211166	3.9302027225
945.4340763092	1.0001229048	3.9303321838
946.4341335297	1.0001164675	3.9304552078
947.4331903458	1.0001190901	3.9305887222
948.4332475662	1.0001195669	3.9307007790
949.4333043098	1.0001162291	3.9308104515
950.4333620071	1.0001183748	3.9309387207
951.4334187508	1.0001204014	3.9310491085
952.4334764481	1.0001145601	3.9311754704
953.4335331917	1.0001146793	3.9312908649
954.4335908890	1.0001151562	3.9314126968
955.4336476326	1.0001221895	3.9315381050
956.4337053299	1.0001161098	3.9316570759
957.4337620735	1.0001223087	3.9317824841
958.4338197708	1.0001201630	3.9318902493
959.4338765144	1.0001219511	3.9320037365
960.4339342117	1.0001201630	3.9321331978
961.4339909554	1.0001157522	3.9322524071
962.4340486526	1.0001254082	3.9323804379
963.4341053963	1.0001175404	3.9324913025
964.4341630936	1.0001200438	3.9326038361
965.4332199097	1.0001214743	3.9327340126
966.4332771301	1.0001170635	3.9328410625
967.4333343506	1.0001221895	3.9329586029
968.4333910942	1.0001207590	3.9330780506
969.4334483147	1.0001215935	3.9332015514
970.4335055351	1.0001200438	3.9333240986
971.4335627556	1.0001167059	3.9334275723
972.4336199760	1.0001177788	3.9335553646
973.4336771965	1.0001275539	3.9336886406
974.4337344170	1.0001201630	3.9338066578
975.4337916374	1.0001170635	3.9339065552
976.4338488579	1.0001207590	3.9340224266
977.4339060783	1.0001209974	3.9341478348
978.4339632988	1.0001173019	3.9342503548
979.4340205193	1.0001198053	3.9343471527
980.4340777397	1.0001206398	3.9344706535
981.4341349602	1.0001157522	3.9345796108
982.4331922531	1.0001193285	3.9347128868
983.4332494736	1.0001187325	3.9348266125
984.4333066940	1.0001161098	3.9349441528
985.4333639145	1.0001183748	3.9350545406
986.4334211349	1.0001202822	3.9351787567
987.4334783554	1.0001174212	3.9352834225
988.4335350990	1.0001242161	3.9353988171
989.4335923195	1.0001205206	3.9355094433
990.4336495399	1.0001200438	3.9356124401
991.4337067604	1.0001236200	3.9357545376
992.4337639809	1.0001186132	3.9358553886
993.4338212013	1.0001170635	3.9359679222
994.4338784218	1.0001168251	3.9360778332
995.4339356422	1.0001144409	3.9362056255
996.4339928627	1.0001181364	3.9363009930
997.4340500832	1.0001147985	3.9364211559
998.4341073036	1.0001150370	3.9365296364
999.4341645241	1.0001121759	3.9366571903
1000.4332218170	1.0001176596	3.9367563725
1001.4332790375	1.0001140833	3.9368760586
1002.4333362579	1.0001175404	3.9369764328
1003.4333934784	1.0001167059	3.9371068478
1004.4334506989	1.0001140833	3.9372251034
1005.4335079193	1.0001183748	3.9373326302
1006.4335651398	1.0001161098	3.9374406338
1007.4336218834	1.0001182556	3.9375522137
1008.4336791039	1.0001083612	3.9376645088
1009.4337363243	1.0001180172	3.9377892017
1010.4337935448	1.0001121759	3.9378838539
1011.4338507652	1.0001125336	3.9380035400
1012.4339079857	1.0001217127	3.9381203651
1013.4339652061	1.0001168251	3.9382302761
1014.4340224266	1.0001189709	3.9383478165
1015.4340796471	1.0001206398	3.9384648800
1016.4341368675	1.0001202822	3.9385585785
1017.4331941605	1.0001180172	3.9386837482
1018.4332513809	1.0001168251	3.9387967587
1019.4333086014	1.0001189709	3.9388978481
1020.4333658218	1.0001176596	3.9390075207
1021.4334230423	1.0001212358	3.9391295910
1022.4334802628	1.0001215935	3.9392504692
1023.4335374832	1.0001196861	3.9393405914
1024.4335947037	1.0001254082	3.9394466877
1025.4336519241	1.0001173019	3.9395699501
1026.4337091446	1.0001188517	3.9396798611
1027.4337658882	1.0001207590	3.9397876263
1028.4338231087	1.0001151562	3.9398868084
1029.4338803291	1.0001162291	3.9399898052
1030.4339375496	1.0001193285	3.9401147366
1031.4339947701	1.0001175404	3.9402172565
1032.4340519905	1.0001140833	3.9403300285
1033.4341092110	1.0001206398	3.9404387474
1034.4341664314	1.0001196861	3.9405567646
1035.4332237244	1.0001153946	3.9406592846
1036.4332809448	1.0001180172	3.9407639503
1037.4333381653	1.0001192093	3.9408810139
1038.4333953857	1.0001239777	3.9409844875
1039.4334526062	1.0001231432	3.9410851002
1040.4335098267	1.0001219511	3.9412145615
1041.4335670471	1.0001189709	3.9413218498
1042.4336242676	1.0001180172	3.9414138794
1043.4336814880	1.0001239777	3.9415333271
1044.4337387085	1.0001209974	3.9416313171
1045.4337959290	1.0001236200	3.9417455196
1046.4338531494	1.0001214743	3.9418499470
1047.4339098930	1.0001199245	3.9419479370
1048.4339671135	1.0001142025	3.9420681000
1049.4340243340	1.0001213551	3.9421877861
1050.4340815544	1.0001194477	3.9422900677
1051.4341387749	1.0001232624	3.9424011707
1052.4331960678	1.0001184940	3.9424958229
1053.4332532883	1.0001194477	3.9426090717
1054.4333105087	1.0001217127	3.9427173138
1055.4333677292	1.0001192093	3.9428429604
1056.4334249496	1.0001157522	3.9429349899
1057.4334821701	1.0001221895	3.9430425167
1058.4335393906	1.0001167059	3.9431424141
1059.4335966110	1.0001205206	3.9432580471
1060.4336538315	1.0001196861	3.9433553219
1061.4337110519	1.0001158714	3.9434514046
1062.4337682724	1.0001258850	3.9435689449
1063.4338254929	1.0001221895	3.9436786175
1064.4338827133	1.0001162291	3.9437844753
1065.4339399338	1.0001213551	3.9438815117
1066.4339971542	1.0001212358	3.9439849854
1067.4340538979	1.0001206398	3.9441025257
1068.4341111183	1.0001258850	3.9442181587
1069.4341683388	1.0001187325	3.9442963600
1070.4332251549	1.0001215935	3.9444160461
1071.4332828522	1.0001220703	3.9445111752
1072.4333395958	1.0001140833	3.9446096420
1073.4333972931	1.0001184940	3.9447107315
1074.4334540367	1.0001169443	3.9448299408
1075.4335117340	1.0001206398	3.9449164867
1076.4335684776	1.0001171827	3.9450287819
1077.4336261749	1.0001114607	3.9451375008
1078.4336829185	1.0001177788	3.9452378750
1079.4337406158	1.0001181364	3.9453520775
1080.4337973595	1.0001184940	3.9454631805
1081.4338550568	1.0001213551	3.9455633163
1082.4339118004	1.0001173019	3.9456899166
1083.4339694977	1.0001122952	3.9457733631
1084.4340262413	1.0001168251	3.9458720684
1085.4340839386	1.0001169443	3.9459836483
1086.4341406822	1.0001155138	3.9460761547
1087.4331974983	1.0001163483	3.9462029934
1088.4332547188	1.0001193285	3.9462983608
1089.4333119392	1.0001136065	3.9463891983
1090.4333691597	1.0001140833	3.9464924335
1091.4334263802	1.0001125336	3.9465928078
1092.4334836006	1.0001175404	3.9467136860
1093.4335408211	1.0001144409	3.9468061924
1094.4335980415	1.0001139641	3.9468944073
1095.4336552620	1.0001157522	3.9469995499
1096.4337124825	1.0001118183	3.9471151829
1097.4337697029	1.0001193285	3.9472026825
1098.4338269234	1.0001134872	3.9473140240
1099.4338841438	1.0001114607	3.9473962784
1100.4339413643	1.0001215935	3.9475061893
1101.4339985847	1.0001169443	3.9476172924
1102.4340558052	1.0001157522	3.9477057457
1103.4341130257	1.0001189709	3.9478042126
1104.4341702461	1.0001153946	3.9479172230
1105.4332275391	1.0001180172	3.9480159283
1106.4332842827	1.0001149178	3.9481203556
1107.4333415031	1.0001206398	3.9482209682
1108.4333987236	1.0001170635	3.9483187199
1109.4334559441	1.0001158714	3.9484245777
1110.4335131645	1.0001192093	3.9485225677
1111.4335703850	1.0001150370	3.9486238956
1112.4336276054	1.0001127720	3.9487211704
1113.4336848259	1.0001196861	3.9488406181
1114.4337420464	1.0001126528	3.9489357471
1115.4337992668	1.0001136065	3.9490385056
1116.4338564873	1.0001192093	3.9491317272
1117.4339137077	1.0001108646	3.9492278099
1118.4339709282	1.0001145601	3.9493420124
1119.4340281487	1.0001099110	3.9494340420
1120.4340853691	1.0001127720	3.9495546818
1121.4341425896	1.0001167059	3.9496350288
1122.4331998825	1.0001118183	3.9497420788
1123.4332571030	1.0001218319	3.9498517513
1124.4333143234	1.0001163483	3.9499509335
1125.4333715439	1.0001070499	3.9500536919
1126.4334282875	1.0001122952	3.9501607418
1127.4334855080	1.0001122952	3.9502539635
1128.4335427284	1.0001071692	3.9503464699
1129.4335999489	1.0001150370	3.9504420757
1130.4336571693	1.0001162291	3.9505507946
1131.4337143898	1.0001103878	3.9506604671
1132.4337716103	1.0001144409	3.9507527351
1133.4338288307	1.0001205206	3.9508550167
1134.4338860512	1.0001130104	3.9509646893
1135.4339432716	1.0001177788	3.9510583878
1136.4340004921	1.0001180172	3.9511501789
1137.4340577126	1.0001116991	3.9512650967
1138.4341149330	1.0001124144	3.9513661861
1139.4341721535	1.0001193285	3.9514644146
1140.4332294464	1.0001246929	3.9515779018
1141.4332866669	1.0001144409	3.9516713619
1142.4333438873	1.0001142025	3.9517784119
1143.4334011078	1.0001169443	3.9518816471
1144.4334583282	1.0001091957	3.9519708157
1145.4335155487	1.0001116991	3.9520726204
1146.4335722923	1.0001122952	3.9521694183
1147.4336295128	1.0001122952	3.9522736073
1148.4336867332	1.0001150370	3.9523689747
1149.4337439537	1.0001100302	3.9524536133
1150.4338011742	1.0001122952	3.9525594711
1151.4338583946	1.0001149178	3.9526708126
1152.4339156151	1.0001122952	3.9527876377
1153.4339728355	1.0001127720	3.9528768063
1154.4340300560	1.0001174212	3.9529950619
1155.4340872765	1.0001095533	3.9530792236
1156.4341444969	1.0001115799	3.9531557560
1157.4332017899	1.0001112223	3.9532644749
1158.4332590103	1.0001165867	3.9533853531
1159.4333162308	1.0001155138	3.9534749985
1160.4333734512	1.0001114607	3.9535963535
1161.4334306717	1.0001134872	3.9536778927
1162.4334878922	1.0001126528	3.9538009167
1163.4335451126	1.0001151562	3.9538855553
1164.4336023331	1.0001109838	3.9539816380
1165.4336595535	1.0001163483	3.9540846348
1166.4337162971	1.0001165867	3.9541792870
1167.4337735176	1.0001205206	3.9542870522
1168.4338307381	1.0001126528	3.9543814659
1169.4338879585	1.0001157522	3.9544682503
1170.4339451790	1.0001223087	3.9545807838
1171.4340023994	1.0001177788	3.9546859264
1172.4340596199	1.0001161098	3.9547810555
1173.4341168404	1.0001136065	3.9548828602
1174.4341740608	1.0001209974	3.9549782276
1175.4332313538	1.0001125336	3.9550809860
1176.4332885742	1.0001140833	3.9551870823
1177.4333457947	1.0001183748	3.9552845955
1178.4334030151	1.0001174212	3.9553737640
1179.4334602356	1.0001153946	3.9554729462
1180.4335174561	1.0001238585	3.9555709362
1181.4335746765	1.0001201630	3.9556903839
1182.4336318970	1.0001153946	3.9557852745
1183.4336891174	1.0001187325	3.9558856487
1184.4337463379	1.0001205206	3.9559907913
1185.4338035583	1.0001190901	3.9560918808
1186.4338603020	1.0001175404	3.9561898708
1187.4339175224	1.0001157522	3.9562935829
1188.4339747429	1.0001171827	3.9563908577
1189.4340319633	1.0001227856	3.9564876556
1190.4340891838	1.0001165867	3.9565980434
1191.4341464043	1.0001115799	3.9566900730
1192.4332036972	1.0001194477	3.9567787647
1193.4332604408	1.0001218319	3.9568872452
1194.4333181381	1.0001112223	3.9569795132
1195.4333748817	1.0001229048	3.9570841789
1196.4334325790	1.0001223087	3.9571807384
1197.4334893227	1.0001138449	3.9572801590
1198.4335470200	1.0001193285	3.9573915005
1199.4336037636	1.0001181364	3.9574809074
1200.4336614609	1.0001199245	3.9575722218
1201.4337182045	1.0001156330	3.9577045441
1202.4337759018	1.0001170635	3.9578068256
1203.4338326454	1.0001248121	3.9578998089
1204.4338903427	1.0001165867	3.9580047131
1205.4339470863	1.0001167059	3.9580934048
1206.4340043068	1.0001178980	3.9581959248
1207.4340615273	1.0001218319	3.9582951069
1208.4341187477	1.0001219511	3.9584074020
1209.4341754913	1.0001139641	3.9584941864
1210.4332327843	1.0001189709	3.9585974216
1211.4332900047	1.0001132488	3.9587037563
1212.4333472252	1.0001105070	3.9587891102
1213.4334044456	1.0001181364	3.9588923454
1214.4334616661	1.0001155138	3.9589915276
1215.4335188866	1.0001131296	3.9590821266
1216.4335761070	1.0001231432	3.9591975212
1217.4336333275	1.0001158714	3.9592952728
1218.4336905479	1.0001218319	3.9594061375
1219.4337477684	1.0001187325	3.9594924450
1220.4338049889	1.0001208782	3.9595797062
1221.4338622093	1.0001174212	3.9596881866
1222.4339194298	1.0001150370	3.9598207474
1223.4339766502	1.0001238585	3.9599008560
1224.4340338707	1.0001204014	3.9600067139
1225.4340910912	1.0001176596	3.9601085186
1226.4341483116	1.0001218319	3.9602077007
1227.4332051277	1.0001202822	3.9603078365
1228.4332623482	1.0001173019	3.9603953362
1229.4333195686	1.0001196861	3.9605083466
1230.4333767891	1.0001189709	3.9605982304
1231.4334340096	1.0001174212	3.9607100487
1232.4334912300	1.0001225471	3.9608018398
1233.4335484505	1.0001266003	3.9609260559
1234.4336056709	1.0001206398	3.9610064030
1235.4336628914	1.0001233816	3.9611074924
1236.4337201118	1.0001254082	3.9612097740
1237.4337773323	1.0001193285	3.9613168240
1238.4338345528	1.0001232624	3.9614305496
1239.4338917732	1.0001180172	3.9615297318
1240.4339489937	1.0001164675	3.9616127014
1241.4340062141	1.0001207590	3.9617238045
1242.4340634346	1.0001218319	3.9618184566
1243.4341206551	1.0001111031	3.9619221687
1244.4341778755	1.0001183748	3.9620156288
1245.4332346916	1.0001215935	3.9621329308
1246.4332919121	1.0001128912	3.9622371197
1247.4333491325	1.0001206398	3.9623374939
1248.4334063530	1.0001183748	3.9624440670
1249.4334635735	1.0001114607	3.9625396729
1250.4335207939	1.0001199245	3.9626441002
1251.4335780144	1.0001227856	3.9627571106
1252.4336352348	1.0001109838	3.9628553391
1253.4336924553	1.0001211166	3.9629447460
1254.4337496758	1.0001193285	3.9630484581
1255.4338068962	1.0001105070	3.9631516933
1256.4338641167	1.0001157522	3.9632525444
1257.4339213371	1.0001127720	3.9633388519
1258.4339785576	1.0001175404	3.9634552002
1259.4340357780	1.0001105070	3.9635555744
1260.4340929985	1.0001125336	3.9636540413
1261.4341502190	1.0001139641	3.9637556076
1262.4332075119	1.0001106262	3.9638347626
1263.4332647324	1.0001159906	3.9639570713
1264.4333219528	1.0001156330	3.9640557766
1265.4333786964	1.0001142025	3.9641556740
1266.4334359169	1.0001170635	3.9642665386
1267.4334931374	1.0001122952	3.9643597603
1268.4335503578	1.0001236200	3.9644649029
1269.4336075783	1.0001158714	3.9645788670
1270.4336647987	1.0001152754	3.9646718502
1271.4337220192	1.0001190901	3.9647901058
1272.4337792397	1.0001143217	3.9648749828
1273.4338364601	1.0001176596	3.9649813175
1274.4338936806	1.0001195669	3.9650900364
1275.4339509010	1.0001109838	3.9651751518
1276.4340081215	1.0001218319	3.9652891159
1277.4340653419	1.0001161098	3.9653973579
1278.4341225624	1.0001162291	3.9654967785
1279.4341797829	1.0001173019	3.9655835629
1280.4332370758	1.0001162291	3.9657044411
1281.4332942963	1.0001138449	3.9657878876
1282.4333515167	1.0001196861	3.9658887386
1283.4334087372	1.0001214743	3.9660031796
1284.4334659576	1.0001153946	3.9661083221
1285.4335227013	1.0001223087	3.9662008286
1286.4335799217	1.0001189709	3.9663186073
1287.4336371422	1.0001165867	3.9664080143
1288.4336943626	1.0001237392	3.9665203094
1289.4337515831	1.0001173019	3.9666209221
1290.4338088036	1.0001184940	3.9667379856
1291.4338660240	1.0001188517	3.9668343067
1292.4339232445	1.0001173019	3.9669299126
1293.4339804649	1.0001152754	3.9670453072
1294.4340376854	1.0001227856	3.9671394825
1295.4340949059	1.0001245737	3.9672489166
1296.4341521263	1.0001178980	3.9673566818
1297.4332094193	1.0001170635	3.9674561024
1298.4332666397	1.0001196861	3.9675755501
1299.4333238602	1.0001156330	3.9676749706
1300.4333810806	1.0001194477	3.9677784443
1301.4334383011	1.0001195669	3.9678666592
1302.4334955215	1.0001153946	3.9679784775
1303.4335527420	1.0001200438	3.9680991173
1304.4336094856	1.0001118183	3.9682097435
1305.4336667061	1.0001164675	3.9683115482
1306.4337239265	1.0001215935	3.9684164524
1307.4337811470	1.0001196861	3.9685025215
1308.4338383675	1.0001240969	3.9686012268
1309.4338955879	1.0001213551	3.9687287807
1310.4339528084	1.0001184940	3.9688103199
1311.4340100288	1.0001181364	3.9689049721
1312.4340672493	1.0001213551	3.9690265656
1313.4341244698	1.0001169443	3.9691231251
1314.4341816902	1.0001226664	3.9692299366
1315.4332389832	1.0001206398	3.9693417549
1316.4332957268	1.0001175404	3.9694371223
1317.4333534241	1.0001252890	3.9695467949
1318.4334101677	1.0001159906	3.9696609974
1319.4334678650	1.0001221895	3.9697623253
1320.4335246086	1.0001188517	3.9698641300
1321.4335823059	1.0001173019	3.9699599743
1322.4336390495	1.0001223087	3.9700825214
1323.4336967468	1.0001162291	3.9701938629
1324.4337534904	1.0001204014	3.9702808857
1325.4338107109	1.0001209974	3.9703938961
1326.4338679314	1.0001184940	3.9704825878
1327.4339251518	1.0001245737	3.9706008434
1328.4339818954	1.0001153946	3.9706981182
1329.4340395927	1.0001213551	3.9707860947
1330.4340963364	1.0001193285	3.9709022045
1331.4341540337	1.0001183748	3.9710035324
1332.4332108498	1.0001180172	3.9710967541
1333.4332680702	1.0001193285	3.9712381363
1334.4333252907	1.0001196861	3.9713168144
1335.4333825111	1.0001165867	3.9714360237
1336.4334397316	1.0001251698	3.9715390205
1337.4334969521	1.0001271963	3.9716455936
1338.4335541725	1.0001173019	3.9717597961
1339.4336113930	1.0001243353	3.9718496799
1340.4336686134	1.0001167059	3.9719419479
1341.4337258339	1.0001192093	3.9720625877
1342.4337830544	1.0001157522	3.9721748829
1343.4338402748	1.0001163483	3.9722869396
1344.4338974953	1.0001204014	3.9723899364
1345.4339547157	1.0001113415	3.9724826813
1346.4340119362	1.0001227856	3.9726035595
1347.4340691566	1.0001139641	3.9727034569
1348.4341259003	1.0001181364	3.9728119373
1349.4341831207	1.0001146793	3.9729280472
1350.4332404137	1.0001127720	3.9730246067
1351.4332976341	1.0001130104	3.9731330872
1352.4333548546	1.0001190901	3.9732363224
1353.4334120750	1.0001140833	3.9733445644
1354.4334692955	1.0001127720	3.9734361172
1355.4335265160	1.0001159906	3.9735488892
1356.4335837364	1.0001194477	3.9736626148
1357.4336409569	1.0001198053	3.9737670422
1358.4336981773	1.0001151562	3.9738631248
1359.4337553978	1.0001182556	3.9739806652
1360.4338126183	1.0001121759	3.9740860462
1361.4338698387	1.0001136065	3.9741890430
1362.4339270592	1.0001175404	3.9742894173
1363.4339842796	1.0001158714	3.9743959904
1364.4340415001	1.0001153946	3.9745123386
1365.4340987206	1.0001209974	3.9746041298
1366.4341559410	1.0001159906	3.9747223854
1367.4332127571	1.0001190901	3.9748198986
1368.4332699776	1.0001232624	3.9749422073
1369.4333271980	1.0001145601	3.9750366211
1370.4333844185	1.0001209974	3.9751579762
1371.4334416389	1.0001193285	3.9752764702
1372.4334988594	1.0001122952	3.9753894806
1373.4335560799	1.0001189709	3.9754891396
1374.4336133003	1.0001190901	3.9755959511
1375.4336705208	1.0001175404	3.9757120609
1376.4337277412	1.0001127720	3.9758112431
1377.4337849617	1.0001162291	3.9759235382
1378.4338421822	1.0001167059	3.9760353565
1379.4338994026	1.0001105070	3.9761366844
1380.4339566231	1.0001159906	3.9762494564
1381.4340138435	1.0001114607	3.9763426781
1382.4340710640	1.0001187325	3.9764504433
1383.4341282845	1.0001193285	3.9765686989
1384.4341855049	1.0001122952	3.9766557217
1385.4332423210	1.0001159906	3.9767816067
1386.4332995415	1.0001204014	3.9768989086
1387.4333567619	1.0001138449	3.9770026207
1388.4334139824	1.0001170635	3.9771084785
1389.4334712029	1.0001221895	3.9772047997
1390.4335284233	1.0001214743	3.9773144722
1391.4335856438	1.0001171827	3.9774334431
1392.4336428642	1.0001145601	3.9775276184
1393.4337000847	1.0001163483	3.9776394367
1394.4337573051	1.0001164675	3.9777464867
1395.4338145256	1.0001146793	3.9778659344
1396.4338717461	1.0001120567	3.9779493809
1397.4339289665	1.0001127720	3.9780731201
1398.4339861870	1.0001217127	3.9781806469
1399.4340434074	1.0001118183	3.9782805443
1400.4341006279	1.0001102686	3.9783968925
1401.4341578484	1.0001184940	3.9785182476
1402.4332151413	1.0001187325	3.9786345959
1403.4332718849	1.0001147985	3.9787333012
1404.4333291054	1.0001165867	3.9788441658
1405.4333863258	1.0001144409	3.9789547920
1406.4334435463	1.0001155138	3.9790630341
1407.4335007668	1.0001128912	3.9791767597
1408.4335579872	1.0001189709	3.9792838097
1409.4336152077	1.0001124144	3.9794099331
1410.4336724281	1.0001195669	3.9794836044
1411.4337296486	1.0001143217	3.9795978069
1412.4337868690	1.0001167059	3.9796924591
1413.4338440895	1.0001175404	3.9798069000
1414.4339013100	1.0001119375	3.9799187183
1415.4339585304	1.0001159906	3.9800288677
1416.4340157509	1.0001180172	3.9801537991
1417.4340729713	1.0001170635	3.9802558422
1418.4341301918	1.0001183748	3.9803659916
1419.4341874123	1.0001180172	3.9804878235
1420.4332447052	1.0001140833	3.9805881977
1421.4333019257	1.0001201630	3.9807150364
1422.4333591461	1.0001219511	3.9808068275
1423.4334158897	1.0001131296	3.9809241295
1424.4334731102	1.0001186132	3.9810369015
1425.4335303307	1.0001157522	3.9811518192
1426.4335875511	1.0001183748	3.9812545776
1427.4336447716	1.0001180172	3.9813785553
1428.4337019920	1.0001173019	3.9814798832
1429.4337592125	1.0001206398	3.9815883636
1430.4338164330	1.0001171827	3.9817092419
1431.4338736534	1.0001188517	3.9818031788
1432.4339308739	1.0001168251	3.9819457531
1433.4339880943	1.0001175404	3.9820277691
1434.4340453148	1.0001214743	3.9821453094
1435.4341025352	1.0001248121	3.9822716713
1436.4341597557	1.0001162291	3.9823715687
1437.4332165718	1.0001140833	3.9824838638
1438.4332742691	1.0001229048	3.9825973511
1439.4333310127	1.0001183748	3.9827260971
1440.4333887100	1.0001214743	3.9828259945
1441.4334454536	1.0001138449	3.9829325676
1442.4335031509	1.0001192093	3.9830424786
1443.4335598946	1.0001144409	3.9831559658
1444.4336171150	1.0001198053	3.9832546711
1445.4336743355	1.0001167059	3.9833819866
1446.4337315559	1.0001156330	3.9834964275
1447.4337882996	1.0001212358	3.9836053848
1448.4338459969	1.0001183748	3.9837210178
1449.4339027405	1.0001128912	3.9838316441
1450.4339604378	1.0001243353	3.9839262962
1451.4340171814	1.0001174212	3.9840533733
1452.4340748787	1.0001214743	3.9841620922
1453.4341316223	1.0001217127	3.9842815399
1454.4331889153	1.0001262426	3.9844062328
1455.4332461357	1.0001201630	3.9845018387
1456.4333033562	1.0001153946	3.9846017361
1457.4333605766	1.0001205206	3.9847133160
1458.4334177971	1.0001182556	3.9848372936
1459.4334750175	1.0001156330	3.9849431515
1460.4335322380	1.0001188517	3.9850740433
1461.4335894585	1.0001130104	3.9851710796
1462.4336466789	1.0001128912	3.9852809906
1463.4337038994	1.0001156330	3.9853951931
1464.4337611198	1.0001163483	3.9855182171
1465.4338183403	1.0001122952	3.9856307507
1466.4338750839	1.0001152754	3.9857468605
1467.4339323044	1.0001161098	3.9858531952
1468.4339895248	1.0001114607	3.9859530926
1469.4340467453	1.0001175404	3.9860749245
1470.4341039658	1.0001168251	3.9861896038
1471.4341611862	1.0001130104	3.9863071442
1472.4332184792	1.0001158714	3.9864072800
1473.4332756996	1.0001167059	3.9865181446
1474.4333329201	1.0001137257	3.9866330624
1475.4333901405	1.0001133680	3.9867601395
1476.4334473610	1.0001107454	3.9868617058
1477.4335045815	1.0001152754	3.9869906902
1478.4335618019	1.0001114607	3.9871058464
1479.4336190224	1.0001107454	3.9872205257
1480.4336762428	1.0001126528	3.9873275757
1481.4337334633	1.0001131296	3.9874475002
1482.4337906837	1.0001075268	3.9875605106
1483.4338479042	1.0001133680	3.9876768589
1484.4339051247	1.0001177788	3.9877839088
1485.4339623451	1.0001175404	3.9878916740
1486.4340190887	1.0001143217	3.9880254269
1487.4340763092	1.0001162291	3.9881350994
1488.4341335297	1.0001237392	3.9882540703
1489.4331908226	1.0001223087	3.9883673191
1490.4332480431	1.0001149178	3.9884886742
1491.4333052635	1.0001126528	3.9886071682
1492.4333624840	1.0001140833	3.9886951447
1493.4334197044	1.0001143217	3.9888355732
1494.4334769249	1.0001145601	3.9889285564
1495.4335341454	1.0001156330	3.9890491962
1496.4335913658	1.0001134872	3.9891729355
1497.4336485863	1.0001214743	3.9892892838
1498.4337058067	1.0001227856	3.9894075394
1499.4337630272	1.0001142025	3.9895231724
1500.4338202477	1.0001180172	3.9896404743
1501.4338774681	1.0001159906	3.9897561073
1502.4339346886	1.0001147985	3.9898796082
1503.4339919090	1.0001248121	3.9899988174
1504.4340491295	1.0001188517	3.9901018143
1505.4341063499	1.0001175404	3.9902226925
1506.4341630936	1.0001162291	3.9903261662
1507.4332203865	1.0001156330	3.9904565811
1508.4332776070	1.0001171827	3.9905676842
1509.4333348274	1.0001244545	3.9906826019
1510.4333920479	1.0001206398	3.9908139706
1511.4334492683	1.0001239777	3.9909129143
1512.4335064888	1.0001192093	3.9910223484
1513.4335637093	1.0001245737	3.9911539555
1514.4336209297	1.0001190901	3.9912610054
1515.4336781502	1.0001189709	3.9913830757
1516.4337353706	1.0001167059	3.9915292263
1517.4337925911	1.0001192093	3.9916210175
1518.4338498116	1.0001218319	3.9917368889
1519.4339070320	1.0001188517	3.9918673038
1520.4339642525	1.0001175404	3.9919769764
1521.4340214729	1.0001251698	3.9920949936
1522.4340786934	1.0001190901	3.9922077656
1523.4341359138	1.0001226664	3.9923181534
1524.4331927299	1.0001189709	3.9924304485
1525.4332499504	1.0001183748	3.9925558567
1526.4333071709	1.0001214743	3.9926762581
1527.4333643913	1.0001194477	3.9927852154
1528.4334216118	1.0001180172	3.9929120541
1529.4334788322	1.0001252890	3.9930324554
1530.4335360527	1.0001144409	3.9931476116
1531.4335932732	1.0001220703	3.9932663441
1532.4336504936	1.0001226664	3.9933989048
1533.4337077141	1.0001200438	3.9935133457
1534.4337649345	1.0001170635	3.9936139584
1535.4338221550	1.0001198053	3.9937431812
1536.4338793755	1.0001157522	3.9938650131
1537.4339365959	1.0001188517	3.9939682484
1538.4339938164	1.0001193285	3.9940941334
1539.4340510368	1.0001138449	3.9942107201
1540.4341082573	1.0001167059	3.9943437576
1541.4341654778	1.0001136065	3.9944505692
1542.4332222939	1.0001167059	3.9945778847
1543.4332795143	1.0001188517	3.9947061539
1544.4333367348	1.0001105070	3.9948122501
1545.4333939552	1.0001206398	3.9949517250
1546.4334511757	1.0001170635	3.9950580597
1547.4335083961	1.0001170635	3.9951736927
1548.4335656166	1.0001151562	3.9952912331
1549.4336228371	1.0001132488	3.9954102039
1550.4336800575	1.0001168251	3.9955317974
1551.4337372780	1.0001206398	3.9956631660
1552.4337944984	1.0001150370	3.9957900047
1553.4338517189	1.0001237392	3.9959051609
1554.4339089394	1.0001170635	3.9960196018
1555.4339661598	1.0001157522	3.9961369038
1556.4340233803	1.0001201630	3.9962699413
1557.4340806007	1.0001167059	3.9963867664
1558.4341378212	1.0001158714	3.9964985847
1559.4331951141	1.0001196861	3.9966270924
1560.4332518578	1.0001195669	3.9967496395
1561.4333095551	1.0001206398	3.9968717098
1562.4333662987	1.0001244545	3.9969840050
1563.4334235191	1.0001245737	3.9971034527
1564.4334807396	1.0001151562	3.9972305298
1565.4335379601	1.0001256466	3.9973604679
1566.4335947037	1.0001151562	3.9974715710
1567.4336524010	1.0001169443	3.9975996017
1568.4337091446	1.0001186132	3.9977133274
1569.4337668419	1.0001206398	3.9978420734
1570.4338235855	1.0001177788	3.9979605675
1571.4338812828	1.0001182556	3.9980800152
1572.4339380264	1.0001178980	3.9982001781
1573.4339957237	1.0001145601	3.9983139038
1574.4340524673	1.0001194477	3.9984328747
1575.4341101646	1.0001184940	3.9985754490
1576.4341669083	1.0001088381	3.9986810684
1577.4332242012	1.0001162291	3.9987976551
1578.4332814217	1.0001189709	3.9989347458
1579.4333386421	1.0001163483	3.9990565777
1580.4333958626	1.0001245737	3.9991846085
1581.4334530830	1.0001213551	3.9993062019
1582.4335103035	1.0001105070	3.9994230270
1583.4335675240	1.0001195669	3.9995491505
1584.4336247444	1.0001219511	3.9996798038
1585.4336814880	1.0001161098	3.9998013973
1586.4337387085	1.0001144409	3.9999039173
1587.4337959290	1.0001169443	4.0000329018
1588.4338531494	1.0001137257	4.0001573563
1589.4339103699	1.0001152754	4.0002751350
1590.4339675903	1.0001211166	4.0004062653
1591.4340248108	1.0001229048	4.0005297661
1592.4340820313	1.0001180172	4.0006551743
1593.4341392517	1.0001193285	4.0007810593
1594.4331965446	1.0001164675	4.0008978844
1595.4332537651	1.0001177788	4.0010385513
1596.4333109856	1.0001137257	4.0011515617
1597.4333682060	1.0001212358	4.0012764931
1598.4334254265	1.0001175404	4.0014033318
1599.4334826469	1.0001170635	4.0015411377
1600.4335398674	1.0001249313	4.0016622543
1601.4335970879	1.0001223087	4.0017709732
1602.4336543083	1.0001164675	4.0019187927
1603.4337115288	1.0001163483	4.0020227432
1604.4337687492	1.0001171827	4.0021538734
1605.4338254929	1.0001107454	4.0022692680
1606.4338827133	1.0001175404	4.0023889542
1607.4339399338	1.0001224279	4.0025238991
1608.4339971542	1.0001156330	4.0026459694
1609.4340543747	1.0001223087	4.0027847290
1610.4341115952	1.0001099110	4.0028910637
1611.4341688156	1.0001182556	4.0030364990
1612.4332261086	1.0001206398	4.0031490326
1613.4332833290	1.0001193285	4.0032963753
1614.4333405495	1.0001183748	4.0033998489
1615.4333977699	1.0001198053	4.0035324097
1616.4334549904	1.0001149178	4.0036535263
1617.4335122108	1.0001192093	4.0037889481
1618.4335694313	1.0001223087	4.0039262772
1619.4336266518	1.0001195669	4.0040316582
1620.4336838722	1.0001218319	4.0041747093
1621.4337410927	1.0001138449	4.0042872429
1622.4337983131	1.0001193285	4.0044131279
1623.4338555336	1.0001171827	4.0045466423
1624.4339127541	1.0001177788	4.0046734810
1625.4339694977	1.0001220703	4.0048046112
1626.4340267181	1.0001162291	4.0049481392
1627.4340839386	1.0001056194	4.0050473213
1628.4341411591	1.0001181364	4.0051784515
1629.4331984520	1.0001193285	4.0053110123
1630.4332556725	1.0001169443	4.0054345131
1631.4333128929	1.0001096725	4.0055656433
1632.4333701134	1.0001144409	4.0056929588
1633.4334273338	1.0001137257	4.0058197975
1634.4334845543	1.0001142025	4.0059494972
1635.4335417747	1.0001211166	4.0060868263
1636.4335989952	1.0001089573	4.0061960220
1637.4336562157	1.0001182556	4.0063538551
1638.4337134361	1.0001122952	4.0064749718
1639.4337706566	1.0001127720	4.0066013336
1640.4338278770	1.0001140833	4.0067276955
1641.4338850975	1.0001069307	4.0068488121
1642.4339423180	1.0001153946	4.0069789886
1643.4339995384	1.0001090765	4.0071125031
1644.4340562820	1.0001174212	4.0072526932
1645.4341135025	1.0001157522	4.0073924065
1646.4341707230	1.0001120567	4.0075016022
1647.4332280159	1.0001140833	4.0076394081
1648.4332852364	1.0001106262	4.0077695847
1649.4333424568	1.0001171827	4.0078997612
1650.4333996773	1.0001130104	4.0080342293
1651.4334568977	1.0001151562	4.0081586838
1652.4335141182	1.0001085997	4.0082831383
1653.4335713387	1.0001140833	4.0084261894
1654.4336285591	1.0001178980	4.0085635185
1655.4336857796	1.0001097918	4.0086836815
1656.4337430000	1.0001175404	4.0088195801
1657.4338002205	1.0001100302	4.0089354515
1658.4338574409	1.0001209974	4.0090875626
1659.4339146614	1.0001162291	4.0092072487
1660.4339718819	1.0001100302	4.0093359947
1661.4340291023	1.0001157522	4.0094804764
1662.4340863228	1.0001122952	4.0095911026
1663.4341435432	1.0001175404	4.0097317696
1664.4332003593	1.0001087189	4.0098609924
1665.4332575798	1.0001176596	4.0099987984
1666.4333148003	1.0001181364	4.0101394653
1667.4333720207	1.0001097918	4.0102643967
1668.4334292412	1.0001162291	4.0103902817
1669.4334864616	1.0001085997	4.0105252266
1670.4335436821	1.0001128912	4.0106449127
1671.4336009026	1.0001088381	4.0107793808
1672.4336581230	1.0001162291	4.0109138489
1673.4337153435	1.0001125336	4.0110597610
1674.4337725639	1.0001143217	4.0111875534
1675.4338297844	1.0001156330	4.0113162994
1676.4338870049	1.0001136065	4.0114426613
1677.4339442253	1.0001127720	4.0115947723
1678.4340014458	1.0001093149	4.0117278099
1679.4340586662	1.0001105070	4.0118427277
1680.4341158867	1.0001150370	4.0119948387
1681.4341731071	1.0001096725	4.0121078491
1682.4332299232	1.0001134872	4.0122394562
1683.4332871437	1.0001190901	4.0123772621
1684.4333443642	1.0001065731	4.0125122070
1685.4334011078	1.0001171827	4.0126528740
1686.4334588051	1.0001122952	4.0127816200
1687.4335155487	1.0001120567	4.0129203796
1688.4335732460	1.0001096725	4.0130405426
1689.4336299896	1.0001101494	4.0131659508
1690.4336876869	1.0001180172	4.0133228302
1691.4337444305	1.0001119375	4.0134687424
1692.4338021278	1.0001195669	4.0136065483
1693.4338588715	1.0001120567	4.0137505531
1694.4339165688	1.0001099110	4.0138697624
1695.4339733124	1.0001131296	4.0139946938
1696.4340310097	1.0001091957	4.0141410828
1697.4340877533	1.0001090765	4.0142788887
1698.4341454506	1.0001145601	4.0144152641
1699.4332022667	1.0001091957	4.0145487785
1700.4332594872	1.0001124144	4.0146965981
1701.4333167076	1.0001121759	4.0148091316
1702.4333739281	1.0001161098	4.0149564743
1703.4334311485	1.0001056194	4.0150752068
1704.4334878922	1.0001115799	4.0152168274
1705.4335451126	1.0001143217	4.0153603554
1706.4336023331	1.0001142025	4.0154967308
1707.4336595535	1.0001183748	4.0156326294
1708.4337167740	1.0001140833	4.0157775879
1709.4337739944	1.0001108646	4.0159029961
1710.4338312149	1.0001157522	4.0160579681
1711.4338884354	1.0001157522	4.0161881447
1712.4339456558	1.0001162291	4.0163211823
1713.4340028763	1.0001155138	4.0164556503
1714.4340600967	1.0001220703	4.0165872574
1715.4341173172	1.0001180172	4.0167455673
1716.4341745377	1.0001178980	4.0168704987
1717.4332318306	1.0001157522	4.0170097351
1718.4332890511	1.0001175404	4.0171413422
1719.4333462715	1.0001131296	4.0172719955
1720.4334034920	1.0001173019	4.0174169540
1721.4334607124	1.0001170635	4.0175676346
1722.4335179329	1.0001127720	4.0176854134
1723.4335751534	1.0001162291	4.0178298950
1724.4336318970	1.0001168251	4.0179686546
1725.4336891174	1.0001153946	4.0181241035
1726.4337463379	1.0001155138	4.0182662010
1727.4338035583	1.0001182556	4.0183901787
1728.4338607788	1.0001167059	4.0185346603
1729.4339179993	1.0001196861	4.0186595917
1730.4339752197	1.0001153946	4.0188055038
1731.4340324402	1.0001177788	4.0189375877
1732.4340896606	1.0001189709	4.0190877914
1733.4341468811	1.0001173019	4.0192255974
1734.4332041740	1.0001159906	4.0193605423
1735.4332613945	1.0001170635	4.0194954872
1736.4333186150	1.0001133680	4.0196380615
1737.4333758354	1.0001174212	4.0197772980
1738.4334330559	1.0001167059	4.0199203491
1739.4334902763	1.0001151562	4.0200576782
1740.4335474968	1.0001189709	4.0201988220
1741.4336047173	1.0001144409	4.0203452110
1742.4336619377	1.0001204014	4.0204772949
1743.4337191582	1.0001102686	4.0206165314
1744.4337759018	1.0001162291	4.0207667351
1745.4338331223	1.0001159906	4.0209155083
1746.4338903427	1.0001139641	4.0210614204
1747.4339475632	1.0001196861	4.0211853981
1748.4340047836	1.0001146793	4.0213418007
1749.4340620041	1.0001130104	4.0214672089
1750.4341192245	1.0001236200	4.0216217041
1751.4341764450	1.0001151562	4.0217542648
1752.4332337379	1.0001087189	4.0218892097
1753.4332909584	1.0001209974	4.0220422745
1754.4333481789	1.0001150370	4.0221924782
1755.4334053993	1.0001147985	4.0223169327
1756.4334626198	1.0001175404	4.0224647522
1757.4335198402	1.0001142025	4.0226173401
1758.4335770607	1.0001158714	4.0227422714
1759.4336342812	1.0001130104	4.0228962898
1760.4336915016	1.0001158714	4.0230627060
1761.4337487221	1.0001162291	4.0231871605
1762.4338059425	1.0001105070	4.0233297348
1763.4338626862	1.0001156330	4.0234785080
1764.4339199066	1.0001180172	4.0236215591
1765.4339771271	1.0001155138	4.0237665176
1766.4340343475	1.0001130104	4.0239005089
1767.4340915680	1.0001153946	4.0240545273
1768.4341487885	1.0001130104	4.0242137909
1769.4332060814	1.0001109838	4.0243434906
1770.4332633018	1.0001161098	4.0245027542
1771.4333205223	1.0001147985	4.0246381760
1772.4333777428	1.0001091957	4.0247783661
1773.4334349632	1.0001108646	4.0249395370
1774.4334921837	1.0001119375	4.0250682831
1775.4335494041	1.0001151562	4.0252099037
1776.4336066246	1.0001167059	4.0253486633
1777.4336638451	1.0001055002	4.0255064964
1778.4337210655	1.0001171827	4.0256371498
1779.4337782860	1.0001162291	4.0257987976
1780.4338355064	1.0001109838	4.0259275436
1781.4338927269	1.0001181364	4.0260691643
1782.4339499474	1.0001171827	4.0262303352
1783.4340066910	1.0001150370	4.0263676643
1784.4340639114	1.0001100302	4.0265092850
1785.4341211319	1.0001192093	4.0266647339
1786.4341783524	1.0001138449	4.0268149376
1787.4332356453	1.0001159906	4.0269570351
1788.4332928658	1.0001106262	4.0270986557
1789.4333500862	1.0001162291	4.0272555351
1790.4334073067	1.0001105070	4.0273895264
1791.4334645271	1.0001153946	4.0275506973
1792.4335217476	1.0001170635	4.0277090073
1793.4335789680	1.0001122952	4.0278391838
1794.4336361885	1.0001119375	4.0279841423
1795.4336934090	1.0001150370	4.0281300545
1796.4337506294	1.0001144409	4.0282659531
1797.4338078499	1.0001114607	4.0284123421
1798.4338650703	1.0001115799	4.0285677910
1799.4339222908	1.0001156330	4.0287194252
1800.4339795113	1.0001125336	4.0288667679
1801.4340367317	1.0001064539	4.0290026665
1802.4340939522	1.0001139641	4.0291647911
1803.4341506958	1.0001103878	4.0293231010
1804.4332075119	1.0001071692	4.0294628143
1805.4332652092	1.0001142025	4.0296144485
1806.4333219528	1.0001069307	4.0297451019
1807.4333796501	1.0001175404	4.0299191475
1808.4334363937	1.0001096725	4.0300521851
1809.4334940910	1.0001145601	4.0302066803
1810.4335508347	1.0001193285	4.0303530693
1811.4336085320	1.0001126528	4.0305037498
1812.4336652756	1.0001174212	4.0306472778
1813.4337229729	1.0001164675	4.0307936668
1814.4337797165	1.0001116991	4.0309352875
1815.4338374138	1.0001183748	4.0310845375
1816.4338941574	1.0001157522	4.0312409401
1817.4339518547	1.0001178980	4.0313863754
1818.4340085983	1.0001163483	4.0315389633
1819.4340662956	1.0001142025	4.0316953659
1820.4341230392	1.0001153946	4.0318527222
1821.4341807365	1.0001173019	4.0320081711
1822.4332375526	1.0001130104	4.0321402550
1823.4332942963	1.0001188517	4.0323038101
1824.4333515167	1.0001138449	4.0324516296
1825.4334087372	1.0001174212	4.0326027870
1826.4334659576	1.0001132488	4.0327625275
1827.4335231781	1.0001080036	4.0328969955
1828.4335803986	1.0001174212	4.0330500603
1829.4336376190	1.0001114607	4.0332016945
1830.4336948395	1.0001182556	4.0333609581
1831.4337520599	1.0001147985	4.0335049629
1832.4338092804	1.0001187325	4.0336627960
1833.4338665009	1.0001178980	4.0338063240
1834.4339237213	1.0001158714	4.0339694023
1835.4339809418	1.0001116991	4.0341224670
1836.4340381622	1.0001147985	4.0342769623
1837.4340953827	1.0001122952	4.0344314575
1838.4341526031	1.0001146793	4.0345554352
1839.4332098961	1.0001201630	4.0347118378
1840.4332671165	1.0001159906	4.0348706245
1841.4333243370	1.0001181364	4.0350193977
1842.4333815575	1.0001173019	4.0351758003
1843.4334383011	1.0001156330	4.0353159904
1844.4334955215	1.0001209974	4.0354685783
1845.4335527420	1.0001118183	4.0356316566
1846.4336099625	1.0001105070	4.0357856750
1847.4336671829	1.0001181364	4.0359420776
1848.4337244034	1.0001107454	4.0360903740
1849.4337816238	1.0001205206	4.0362563133
1850.4338388443	1.0001159906	4.0364146233
1851.4338960648	1.0001188517	4.0365715027
1852.4339532852	1.0001209974	4.0367250443
1853.4340105057	1.0001221895	4.0368776321
1854.4340677261	1.0001193285	4.0370349884
1855.4341249466	1.0001151562	4.0371794701
1856.4341821671	1.0001170635	4.0373277664
1857.4332394600	1.0001217127	4.0375037193
1858.4332966805	1.0001126528	4.0376391411
1859.4333539009	1.0001162291	4.0377960205
1860.4334111214	1.0001205206	4.0379652977
1861.4334683418	1.0001167059	4.0381102562
1862.4335250854	1.0001206398	4.0382509232
1863.4335823059	1.0001183748	4.0384287834
1864.4336395264	1.0001181364	4.0385746956
1865.4336967468	1.0001162291	4.0387358665
1866.4337539673	1.0001156330	4.0388917923
1867.4338111877	1.0001221895	4.0390520096
1868.4338684082	1.0001100302	4.0392155647
1869.4339256287	1.0001175404	4.0393624306
1870.4339828491	1.0001190901	4.0395298004
1871.4340400696	1.0001181364	4.0396685600
1872.4340972900	1.0001143217	4.0398325920
1873.4341545105	1.0001158714	4.0399961472
1874.4332118034	1.0001192093	4.0401487350
1875.4332690239	1.0001133680	4.0403170586
1876.4333262444	1.0001173019	4.0404534340
1877.4333834648	1.0001115799	4.0406169891
1878.4334406853	1.0001144409	4.0407752991
1879.4334979057	1.0001097918	4.0409388542
1880.4335551262	1.0001205206	4.0410962105
1881.4336123466	1.0001192093	4.0412602425
1882.4336690903	1.0001106262	4.0414218903
1883.4337263107	1.0001187325	4.0415806770
1884.4337835312	1.0001194477	4.0417294502
1885.4338407516	1.0001131296	4.0418953896
1886.4338979721	1.0001200438	4.0420541763
1887.4339551926	1.0001170635	4.0422172546
1888.4340124130	1.0001113415	4.0423846245
1889.4340696335	1.0001183748	4.0425443649
1890.4341268539	1.0001188517	4.0426983833
1891.4341840744	1.0001150370	4.0428552628
1892.4332413673	1.0001240969	4.0430221558
1893.4332985878	1.0001162291	4.0431747437
1894.4333558083	1.0001184940	4.0433325768
1895.4334130287	1.0001115799	4.0434842110
1896.4334702492	1.0001171827	4.0436487198
1897.4335274696	1.0001155138	4.0438132286
1898.4335846901	1.0001127720	4.0439825058
1899.4336419106	1.0001178980	4.0441336632
1900.4336991310	1.0001177788	4.0442900658
1901.4337563515	1.0001219511	4.0444536209
1902.4338130951	1.0001128912	4.0446219444
1903.4338703156	1.0001105070	4.0447745323
1904.4339275360	1.0001140833	4.0449347496
1905.4339847565	1.0001075268	4.0450849533
1906.4340419769	1.0001157522	4.0452542305
1907.4340991974	1.0001134872	4.0454201698
1908.4341564178	1.0001180172	4.0455932617
1909.4332137108	1.0001153946	4.0457501411
1910.4332709312	1.0001106262	4.0459055901
1911.4333281517	1.0001134872	4.0460605621
1912.4333853722	1.0001183748	4.0462236404
1913.4334425926	1.0001113415	4.0463838577
1914.4334998131	1.0001114607	4.0465593338
1915.4335570335	1.0001167059	4.0467095375
1916.4336142540	1.0001223087	4.0468716621
1917.4336714745	1.0001169443	4.0470533371
1918.4337286949	1.0001170635	4.0472073555
1919.4337859154	1.0001175404	4.0473823547
1920.4338431358	1.0001103878	4.0475525856
1921.4339003563	1.0001125336	4.0476980209
1922.4339570999	1.0001131296	4.0478539467
1923.4340143204	1.0001140833	4.0480241776
1924.4340715408	1.0001124144	4.0481781960
1925.4341287613	1.0001206398	4.0483508110
1926.4341859818	1.0001140833	4.0485067368
1927.4332427979	1.0001174212	4.0486812592
1928.4333004951	1.0001170635	4.0488362312
1929.4333572388	1.0001167059	4.0490059853
1930.4334149361	1.0001196861	4.0491695404
1931.4334716797	1.0001170635	4.0493416786
1932.4335293770	1.0001161098	4.0494961739
1933.4335861206	1.0001201630	4.0496706963
1934.4336438179	1.0001118183	4.0498313904
1935.4337005615	1.0001114607	4.0499815941
1936.4337582588	1.0001158714	4.0501475334
1937.4338150024	1.0001122952	4.0503063202
1938.4338726997	1.0001102686	4.0504822731
1939.4339294434	1.0001208782	4.0506491661
1940.4339871407	1.0001140833	4.0508232117
1941.4340438843	1.0001159906	4.0509829521
1942.4341011047	1.0001170635	4.0511612892
1943.4341583252	1.0001147985	4.0513095856
1944.4332151413	1.0001181364	4.0514817238
1945.4332723618	1.0001183748	4.0516481400
1946.4333295822	1.0001149178	4.0518093109
1947.4333868027	1.0001200438	4.0519733429
1948.4334440231	1.0001153946	4.0521311760
1949.4335012436	1.0001175404	4.0523042679
1950.4335584641	1.0001105070	4.0524692535
1951.4336156845	1.0001206398	4.0526323318
1952.4336729050	1.0001149178	4.0528135300
1953.4337301254	1.0001184940	4.0529680252
1954.4337873459	1.0001159906	4.0531387329
1955.4338445663	1.0001114607	4.0532984734
1956.4339017868	1.0001209974	4.0534462929
1957.4339590073	1.0001164675	4.0536518097
1958.4340162277	1.0001151562	4.0538043976
1959.4340734482	1.0001188517	4.0539765358
1960.4341306686	1.0001157522	4.0541524887
1961.4331874847	1.0001127720	4.0543193817
1962.4332447052	1.0001119375	4.0544834137
1963.4333019257	1.0001240969	4.0546689034
1964.4333591461	1.0001167059	4.0548195839
1965.4334163666	1.0001184940	4.0550017357
1966.4334735870	1.0001188517	4.0551633835
1967.4335308075	1.0001218319	4.0553278923
1968.4335880280	1.0001127720	4.0554957390
1969.4336452484	1.0001193285	4.0556707382
1970.4337024689	1.0001188517	4.0558533669
1971.4337596893	1.0001165867	4.0560035706
1972.4338169098	1.0001260042	4.0561857224
1973.4338741302	1.0001193285	4.0563430786
1974.4339313507	1.0001209974	4.0565123558
1975.4339885712	1.0001287460	4.0566906929
1976.4340457916	1.0001196861	4.0568642616
1977.4341030121	1.0001193285	4.0570321083
1978.4341602325	1.0001211166	4.0571961403
1979.4332175255	1.0001159906	4.0573768616
1980.4332747459	1.0001213551	4.0575342178
1981.4333314896	1.0001175404	4.0576982498
1982.4333887100	1.0001153946	4.0578665733
1983.4334459305	1.0001240969	4.0580477715
1984.4335031509	1.0001125336	4.0582261086
1985.4335603714	1.0001178980	4.0584034920
1986.4336175919	1.0001168251	4.0585832596
1987.4336748123	1.0001221895	4.0587382317
1988.4337320328	1.0001181364	4.0589089394
1989.4337892532	1.0001236200	4.0590744019
1990.4338464737	1.0001180172	4.0592494011
1991.4339036942	1.0001130104	4.0594019890
1992.4339609146	1.0001193285	4.0595827103
1993.4340181351	1.0001196861	4.0597567558
1994.4340753555	1.0001223087	4.0599327087
1995.4341325760	1.0001164675	4.0600972176
1996.4331898689	1.0001180172	4.0602641106
1997.4332470894	1.0001213551	4.0604348183
1998.4333043098	1.0001153946	4.0606145859
1999.4333615303	1.0001159906	4.0607738495
2000.4334187508	1.0001239777	4.0609626770
2001.4334754944	1.0001125336	4.0611386299
2002.4335327148	1.0001239777	4.0613021851
2003.4335899353	1.0001175404	4.0614719391
2004.4336471558	1.0001226664	4.0616531372
2005.4337043762	1.0001193285	4.0618338585
2006.4337615967	1.0001156330	4.0620131493
2007.4338188171	1.0001252890	4.0621886253
2008.4338760376	1.0001162291	4.0623588562
2009.4339332581	1.0001232624	4.0625391006
2010.4339904785	1.0001236200	4.0627150536
2011.4340476990	1.0001206398	4.0628857613
2012.4341049194	1.0001258850	4.0630688667
2013.4341621399	1.0001227856	4.0632500648
2014.4332194328	1.0001152754	4.0634045601
2015.4332766533	1.0001230240	4.0635809898
2016.4333338737	1.0001262426	4.0637550354
2017.4333910942	1.0001155138	4.0639443398
2018.4334483147	1.0001227856	4.0641055107
2019.4335055351	1.0001199245	4.0642905235
2020.4335627556	1.0001145601	4.0644607544
2021.4336194992	1.0001184940	4.0646367073
2022.4336767197	1.0001156330	4.0648136139
2023.4337339401	1.0001178980	4.0649895668
2024.4337911606	1.0001145601	4.0651674271
2025.4338483810	1.0001189709	4.0653457642
2026.4339056015	1.0001209974	4.0655212402
2027.4339628220	1.0001145601	4.0656929016
2028.4340200424	1.0001174212	4.0658636093
2029.4340772629	1.0001209974	4.0660462379
2030.4341344833	1.0001120567	4.0662221909
2031.4331917763	1.0001223087	4.0664048195
2032.4332489967	1.0001193285	4.0665640831
2033.4333062172	1.0001215935	4.0667505264
2034.4333634377	1.0001158714	4.0669245720
2035.4334206581	1.0001194477	4.0671033859
2036.4334778786	1.0001286268	4.0672974586
2037.4335350990	1.0001149178	4.0674700737
2038.4335923195	1.0001164675	4.0676364899
2039.4336495399	1.0001189709	4.0678253174
2040.4337062836	1.0001209974	4.0680074692
2041.4337635040	1.0001164675	4.0681881905
2042.4338207245	1.0001223087	4.0683879852
2043.4338779449	1.0001161098	4.0685391426
2044.4339351654	1.0001142025	4.0687303543
2045.4339923859	1.0001227856	4.0689001083
2046.4340496063	1.0001159906	4.0690770149
2047.4341068268	1.0001209974	4.0692625046
2048.4341640472	1.0001164675	4.0694518089
2049.4332213402	1.0001193285	4.0696277618
2050.4332780838	1.0001143217	4.0697937012
2051.4333357811	1.0001250505	4.0699748993
2052.4333925247	1.0001182556	4.0701680183
2053.4334502220	1.0001162291	4.0703444481
2054.4335069656	1.0001127720	4.0705161095
2055.4335646629	1.0001198053	4.0706930161
2056.4336214066	1.0001145601	4.0708785057
2057.4336791039	1.0001157522	4.0710515976
2058.4337358475	1.0001213551	4.0712432861
2059.4337935448	1.0001208782	4.0714249611
2060.4338502884	1.0001201630	4.0716004372
2061.4339075089	1.0001239777	4.0717811584
2062.4339647293	1.0001085997	4.0719685555
2063.4340219498	1.0001202822	4.0721478462
2064.4340786934	1.0001131296	4.0723180771
2065.4341363907	1.0001157522	4.0725059509
2066.4331932068	1.0001164675	4.0726852417
2067.4332504272	1.0001140833	4.0728535652
2068.4333076477	1.0001155138	4.0730342865
2069.4333648682	1.0001153946	4.0732288361
2070.4334220886	1.0001114607	4.0733876228
2071.4334793091	1.0001214743	4.0735902786
2072.4335365295	1.0001124144	4.0737729073
2073.4335937500	1.0001180172	4.0739440918
2074.4336509705	1.0001151562	4.0741362572
2075.4337081909	1.0001153946	4.0743169785
2076.4337654114	1.0001095533	4.0745067596
2077.4338226318	1.0001096725	4.0746827126
2078.4338798523	1.0001157522	4.0748600960
2079.4339370728	1.0001102686	4.0750494003
2080.4339942932	1.0001144409	4.0752325058
2081.4340515137	1.0001131296	4.0754256248
2082.4341087341	1.0001087189	4.0755934715
2083.4341659546	1.0001095533	4.0757794380
2084.4332227707	1.0001090765	4.0759592056
2085.4332799911	1.0001157522	4.0761556625
2086.4333372116	1.0001070499	4.0763163567
2087.4333944321	1.0001162291	4.0765194893
2088.4334516525	1.0001142025	4.0766892433
2089.4335088730	1.0001102686	4.0768895149
2090.4335660934	1.0001113415	4.0770459175
2091.4336233139	1.0001102686	4.0772533417
2092.4336805344	1.0001096725	4.0774397850
2093.4337377548	1.0001136065	4.0776057243
2094.4337949753	1.0001167059	4.0778098106
2095.4338521957	1.0001065731	4.0779829025
2096.4339094162	1.0001114607	4.0781531334
2097.4339666367	1.0001175404	4.0783281326
2098.4340238571	1.0001119375	4.0785264969
2099.4340810776	1.0001156330	4.0787143707
2100.4341382980	1.0001196861	4.0789031982
2101.4331951141	1.0001175404	4.0790653229
2102.4332523346	1.0001081228	4.0792651176
2103.4333095551	1.0001157522	4.0794539452
2104.4333667755	1.0001122952	4.0796537399
2105.4334239960	1.0001143217	4.0798301697
2106.4334812164	1.0001149178	4.0800142288
2107.4335384369	1.0001077652	4.0801978111
2108.4335956573	1.0001126528	4.0803947449
2109.4336528778	1.0001126528	4.0805668831
2110.4337100983	1.0001044273	4.0807638168
2111.4337673187	1.0001119375	4.0809540749
2112.4338245392	1.0001171827	4.0811390877
2113.4338817596	1.0001062155	4.0813331604
2114.4339389801	1.0001164675	4.0815181732
2115.4339962006	1.0001120567	4.0816922188
2116.4340534210	1.0001114607	4.0818848610
2117.4341106415	1.0001131296	4.0820689201
2118.4341678619	1.0001088381	4.0822529793
2119.4332251549	1.0001077652	4.0824451447
2120.4332818985	1.0001115799	4.0826363564
2121.4333391190	1.0001080036	4.0828256607
2122.4333963394	1.0001056194	4.0830059052
2123.4334535599	1.0001128912	4.0831923485
2124.4335107803	1.0001078844	4.0833878517
2125.4335680008	1.0001089573	4.0835676193
2126.4336252213	1.0001096725	4.0837559700
2127.4336824417	1.0001119375	4.0839514732
2128.4337396622	1.0001183748	4.0841398239
2129.4337968826	1.0001096725	4.0843276978
2130.4338541031	1.0001134872	4.0845112801
2131.4339113235	1.0001077652	4.0847005844
2132.4339685440	1.0001097918	4.0848860741
2133.4340257645	1.0001085997	4.0850901604
2134.4340829849	1.0001162291	4.0852770805
2135.4341402054	1.0001158714	4.0854620934
2136.4331974983	1.0001088381	4.0856451988
2137.4332547188	1.0001175404	4.0858440399
2138.4333119392	1.0001142025	4.0860314369
2139.4333686829	1.0001078844	4.0862159729
2140.4334259033	1.0001164675	4.0864191055
2141.4334831238	1.0001119375	4.0866003036
2142.4335403442	1.0001070499	4.0867853165
2143.4335975647	1.0001100302	4.0869851112
2144.4336547852	1.0001157522	4.0871677399
2145.4337120056	1.0001131296	4.0873708725
2146.4337692261	1.0001122952	4.0875549316
2147.4338264465	1.0001082420	4.0877499580
2148.4338836670	1.0001175404	4.0879430771
2149.4339408875	1.0001165867	4.0881342888
2150.4339981079	1.0001139641	4.0883221626
2151.4340553284	1.0001153946	4.0885248184
2152.4341125488	1.0001181364	4.0887026787
2153.4341697693	1.0001217127	4.0888943672
2154.4332270622	1.0001145601	4.0890741348
2155.4332842827	1.0001083612	4.0892796516
2156.4333415031	1.0001193285	4.0894746780
2157.4333987236	1.0001182556	4.0896601677
2158.4334559441	1.0001165867	4.0898528099
2159.4335126877	1.0001186132	4.0900325775
2160.4335699081	1.0001201630	4.0902152061
2161.4336271286	1.0001169443	4.0904126167
2162.4336843491	1.0001214743	4.0906019211
2163.4337415695	1.0001211166	4.0908174515
2164.4337987900	1.0001133680	4.0910024643
2165.4338560104	1.0001159906	4.0911760330
2166.4339132309	1.0001195669	4.0913648605
2167.4339704514	1.0001244545	4.0915703773
2168.4340276718	1.0001153946	4.0917778015
2169.4340848923	1.0001198053	4.0919728279
2170.4341421127	1.0001212358	4.0921516418
2171.4331989288	1.0001231432	4.0923457146
2172.4332566261	1.0001173019	4.0925374031
2173.4333133698	1.0001177788	4.0927295685
2174.4333710670	1.0001131296	4.0929188728
2175.4334278107	1.0001174212	4.0931162834
2176.4334855080	1.0001178980	4.0933027267
2177.4335422516	1.0001144409	4.0934944153
2178.4335999489	1.0001221895	4.0936961174
2179.4336566925	1.0001131296	4.0938725471
2180.4337139130	1.0001146793	4.0940909386
2181.4337711334	1.0001181364	4.0942802429
2182.4338283539	1.0001122952	4.0944771767
2183.4338850975	1.0001158714	4.0946674347
2184.4339427948	1.0001193285	4.0948619843
2185.4339995384	1.0001169443	4.0950565338
2186.4340572357	1.0001176596	4.0952591896
2187.4341139793	1.0001097918	4.0954413414
2188.4341716766	1.0001163483	4.0956339836
2189.4332284927	1.0001183748	4.0958456993
2190.4332857132	1.0001145601	4.0960440636
2191.4333429337	1.0001128912	4.0962204933
2192.4334001541	1.0001173019	4.0964121819
2193.4334573746	1.0001060963	4.0966091156
2194.4335145950	1.0001188517	4.0967874527
2195.4335718155	1.0001192093	4.0969877243
2196.4336290359	1.0001078844	4.0971803665
2197.4336862564	1.0001165867	4.0973901749
2198.4337434769	1.0001168251	4.0975775719
2199.4338006973	1.0001156330	4.0977702141
2200.4338579178	1.0001151562	4.0979704857
2201.4339151382	1.0001202822	4.0981612206
2202.4339723587	1.0001206398	4.0983610153
2203.4340291023	1.0001142025	4.0985774994
2204.4340863228	1.0001158714	4.0987362862
2205.4341435432	1.0001195669	4.0989656448
2206.4332008362	1.0001187325	4.0991396904
2207.4332580566	1.0001235008	4.0993294716
2208.4333152771	1.0001170635	4.0995206833
2209.4333724976	1.0001171827	4.0997166634
2210.4334297180	1.0001215935	4.0999245644
2211.4334869385	1.0001169443	4.1001100540
2212.4335441589	1.0001171827	4.1003203392
2213.4336013794	1.0001118183	4.1005048752
2214.4336585999	1.0001142025	4.1006884575
2215.4337158203	1.0001181364	4.1009025574
2216.4337730408	1.0001136065	4.1011018753
2217.4338302612	1.0001209974	4.1012873650
2218.4338874817	1.0001190901	4.1014819145
2219.4339447021	1.0001137257	4.1016731262
2220.4340019226	1.0001180172	4.1018671989
2221.4340591431	1.0001209974	4.1020770073
2222.4341158867	1.0001206398	4.1022782326
2223.4341731071	1.0001143217	4.1024823189
2224.4332304001	1.0001177788	4.1026659012
2225.4332876205	1.0001136065	4.1028585434
2226.4333448410	1.0001195669	4.1030550003
2227.4334020615	1.0001142025	4.1032638550
2228.4334592819	1.0001182556	4.1034665108
2229.4335165024	1.0001236200	4.1036586761
2230.4335737228	1.0001167059	4.1038579941
2231.4336309433	1.0001144409	4.1040616035
2232.4336881638	1.0001181364	4.1042685509
2233.4337453842	1.0001167059	4.1044683456
2234.4338026047	1.0001144409	4.1046490669
2235.4338598251	1.0001205206	4.1048560143
2236.4339170456	1.0001100302	4.1050395966
2237.4339742661	1.0001131296	4.1052312851
2238.4340314865	1.0001193285	4.1054401398
2239.4340887070	1.0001164675	4.1056504250
2240.4341459274	1.0001151562	4.1058583260
2241.4332027435	1.0001181364	4.1060414314
2242.4332599640	1.0001168251	4.1062378883
2243.4333171844	1.0001143217	4.1064481735
2244.4333744049	1.0001213551	4.1066484451
2245.4334316254	1.0001202822	4.1068396568
2246.4334888458	1.0001182556	4.1070299149
2247.4335460663	1.0001190901	4.1072330475
2248.4336032867	1.0001181364	4.1074252129
2249.4336605072	1.0001213551	4.1076254845
2250.4337177277	1.0001190901	4.1078186035
2251.4337749481	1.0001258850	4.1080365181
2252.4338321686	1.0001180172	4.1082267761
2253.4338893890	1.0001215935	4.1084241867
2254.4339466095	1.0001153946	4.1086239815
2255.4340038300	1.0001248121	4.1088185310
2256.4340610504	1.0001230240	4.1090168953
2257.4341182709	1.0001223087	4.1092228889
2258.4341754913	1.0001201630	4.1094064713
2259.4332323074	1.0001232624	4.1096172333
2260.4332895279	1.0001227856	4.1098279953
2261.4333467484	1.0001170635	4.1100177765
2262.4334039688	1.0001235008	4.1102190018
2263.4334611893	1.0001267195	4.1104135513
2264.4335184097	1.0001174212	4.1106066704
2265.4335756302	1.0001236200	4.1108059883
2266.4336328506	1.0001168251	4.1110138893
2267.4336900711	1.0001180172	4.1111965179
2268.4337472916	1.0001188517	4.1113977432
2269.4338045120	1.0001201630	4.1116061211
2270.4338617325	1.0001287460	4.1117873192
2271.4339189529	1.0001233816	4.1119771004
2272.4339761734	1.0001171827	4.1121788025
2273.4340333939	1.0001198053	4.1123881340
2274.4340906143	1.0001198053	4.1125798225
2275.4341478348	1.0001225471	4.1127686501
2276.4332051277	1.0001173019	4.1129832268
2277.4332623482	1.0001240969	4.1131625175
2278.4333190918	1.0001204014	4.1133704185
2279.4333763123	1.0001209974	4.1135706902
2280.4334335327	1.0001207590	4.1137561798
2281.4334907532	1.0001175404	4.1139655113
2282.4335479736	1.0001227856	4.1141633987
2283.4336051941	1.0001208782	4.1143608093
2284.4336624146	1.0001245737	4.1145691872
2285.4337196350	1.0001188517	4.1147665977
2286.4337768555	1.0001183748	4.1149468422
2287.4338340759	1.0001209974	4.1151509285
2288.4338912964	1.0001184940	4.1153631210
2289.4339485168	1.0001226664	4.1155610085
2290.4340057373	1.0001184940	4.1157608032
2291.4340629578	1.0001159906	4.1159434319
2292.4341201782	1.0001219511	4.1161561012
2293.4341773987	1.0001196861	4.1163444519
2294.4332342148	1.0001244545	4.1165509224
2295.4332919121	1.0001214743	4.1167545319
2296.4333486557	1.0001162291	4.1169428825
2297.4334063530	1.0001219511	4.1171455383
2298.4334630966	1.0001177788	4.1173286438
2299.4335203171	1.0001208782	4.1175270081
2300.4335775375	1.0001140833	4.1177339554
2301.4336347580	1.0001224279	4.1179413795
2302.4336915016	1.0001180172	4.1181216240
2303.4337491989	1.0001207590	4.1183247566
2304.4338059425	1.0001151562	4.1185398102
2305.4338636398	1.0001177788	4.1187248230
2306.4339203835	1.0001177788	4.1189360619
2307.4339780807	1.0001212358	4.1191325188
2308.4340348244	1.0001156330	4.1193399429
2309.4340925217	1.0001201630	4.1195316315
2310.4341492653	1.0001193285	4.1197237968
2311.4332065582	1.0001150370	4.1199321747
2312.4332637787	1.0001199245	4.1201257706
2313.4333209991	1.0001223087	4.1203222275
2314.4333782196	1.0001180172	4.1205167770
2315.4334354401	1.0001239777	4.1207113266
2316.4334926605	1.0001168251	4.1209192276
2317.4335498810	1.0001196861	4.1211194992
2318.4336071014	1.0001199245	4.1213083267
2319.4336643219	1.0001134872	4.1215095520
2320.4337215424	1.0001144409	4.1217188835
2321.4337782860	1.0001205206	4.1219115257
2322.4338355064	1.0001139641	4.1221036911
2323.4338927269	1.0001219511	4.1223101616
2324.4339499474	1.0001244545	4.1225147247
2325.4340071678	1.0001161098	4.1226916313
2326.4340643883	1.0001232624	4.1229109764
2327.4341216087	1.0001178980	4.1231055260
2328.4341788292	1.0001201630	4.1233105659
2329.4332361221	1.0001175404	4.1235132217
2330.4332933426	1.0001097918	4.1237053871
2331.4333505630	1.0001158714	4.1239252090
2332.4334077835	1.0001144409	4.1241102219
2333.4334650040	1.0001235008	4.1242947578
2334.4335222244	1.0001182556	4.1245131493
2335.4335794449	1.0001245737	4.1247053146
2336.4336366653	1.0001223087	4.1248860359
2337.4336938858	1.0001175404	4.1250944138
2338.4337511063	1.0001143217	4.1252913475
2339.4338083267	1.0001212358	4.1254854202
2340.4338655472	1.0001196861	4.1256875992
2341.4339222908	1.0001175404	4.1258816719
2342.4339795113	1.0001195669	4.1260714531
2343.4340367317	1.0001188517	4.1262731552
2344.4340939522	1.0001193285	4.1264739037
2345.4341511726	1.0001167059	4.1266598701
2346.4332084656	1.0001208782	4.1268725395
2347.4332656860	1.0001171827	4.1270537376
2348.4333229065	1.0001257658	4.1272611618
2349.4333801270	1.0001233816	4.1274724007
2350.4334373474	1.0001248121	4.1276664734
2351.4334945679	1.0001236200	4.1278705597
2352.4335517883	1.0001248121	4.1280570030
2353.4336090088	1.0001143217	4.1282601357
2354.4336662292	1.0001240969	4.1284456253
2355.4337234497	1.0001235008	4.1286568642
2356.4337806702	1.0001256466	4.1288809776
2357.4338378906	1.0001219511	4.1290721893
2358.4338951111	1.0001209974	4.1292638779
2359.4339523315	1.0001221895	4.1294546127
2360.4340095520	1.0001181364	4.1296305656
2361.4340662956	1.0001262426	4.1298336983
2362.4341235161	1.0001225471	4.1300325394
2363.4341807365	1.0001250505	4.1302199364
2364.4332380295	1.0001260042	4.1304264069
2365.4332952499	1.0001264811	4.1306309700
2366.4333524704	1.0001209974	4.1308364868
2367.4334096909	1.0001171827	4.1310310364
2368.4334669113	1.0001255274	4.1312360764
2369.4335241318	1.0001214743	4.1314311028
2370.4335813522	1.0001198053	4.1316280365
2371.4336385727	1.0001264811	4.1318244934
2372.4336957932	1.0001132488	4.1320066452
2373.4337530136	1.0001229048	4.1322207451
2374.4338102341	1.0001147985	4.1324086189
2375.4338674545	1.0001240969	4.1326255798
2376.4339246750	1.0001255274	4.1328268051
2377.4339818954	1.0001238585	4.1330151558
2378.4340391159	1.0001183748	4.1332259178
2379.4340963364	1.0001209974	4.1334161758
2380.4341535568	1.0001245737	4.1336169243
2381.4332103729	1.0001183748	4.1338229179
2382.4332675934	1.0001250505	4.1340174675
2383.4333248138	1.0001192093	4.1342158318
2384.4333820343	1.0001182556	4.1344156265
2385.4334392548	1.0001221895	4.1346144676
2386.4334964752	1.0001170635	4.1348123550
2387.4335536957	1.0001183748	4.1350135803
2388.4336109161	1.0001151562	4.1352109909
2389.4336681366	1.0001139641	4.1353979111
2390.4337253571	1.0001164675	4.1356115341
2391.4337825775	1.0001106262	4.1357951164
2392.4338397980	1.0001208782	4.1359891891
2393.4338970184	1.0001187325	4.1362042427
2394.4339542389	1.0001158714	4.1364059448
2395.4340114594	1.0001176596	4.1365995407
2396.4340686798	1.0001178980	4.1368026733
2397.4341259003	1.0001157522	4.1370005608
2398.4341831207	1.0001218319	4.1371974945
2399.4332399368	1.0001176596	4.1373920441
2400.4332971573	1.0001147985	4.1375989914
2401.4333539009	1.0001152754	4.1377844810
2402.4334115982	1.0001242161	4.1380028725
2403.4334683418	1.0001156330	4.1382150650
2404.4335260391	1.0001118183	4.1384053230
2405.4335827827	1.0001164675	4.1386079788
2406.4336404800	1.0001182556	4.1387972832
2407.4336972237	1.0001151562	4.1390099525
2408.4337549210	1.0001131296	4.1392016411
2409.4338116646	1.0001164675	4.1393985748
2410.4338693619	1.0001149178	4.1396031380
2411.4339261055	1.0001175404	4.1398019791
2412.4339838028	1.0001122952	4.1400184631
2413.4340405464	1.0001152754	4.1402072906
2414.4340982437	1.0001144409	4.1403913498
2415.4341549873	1.0001146793	4.1406145096
2416.4332127571	1.0001128912	4.1408042908
2417.4332695007	1.0001149178	4.1410031319
2418.4333267212	1.0001069307	4.1412034035
2419.4333839417	1.0001202822	4.1414165497
2420.4334411621	1.0001201630	4.1416249275
2421.4334979057	1.0001204014	4.1418213844
2422.4335556030	1.0001142025	4.1420230865
2423.4336123466	1.0001184940	4.1422090530
2424.4336700439	1.0001111031	4.1424112320
2425.4337267876	1.0001130104	4.1426248550
2426.4337844849	1.0001118183	4.1428189278
2427.4338412285	1.0001122952	4.1430344582
2428.4338989258	1.0001152754	4.1432380676
2429.4339556694	1.0001159906	4.1434292793
2430.4340133667	1.0001090765	4.1436190605
2431.4340701103	1.0001143217	4.1438412666
2432.4341278076	1.0001133680	4.1440300941
2433.4341845512	1.0001167059	4.1442284584
2434.4332418442	1.0001095533	4.1444406509
2435.4332990646	1.0001071692	4.1446428299
2436.4333562851	1.0001156330	4.1448488235
2437.4334135056	1.0001111031	4.1450548172
2438.4334707260	1.0001090765	4.1452536583
2439.4335279465	1.0001151562	4.1454682350
2440.4335846901	1.0001190901	4.1456756592
2441.4336419106	1.0001136065	4.1459012032
2442.4336991310	1.0001137257	4.1460957527
2443.4337563515	1.0001156330	4.1463022232
2444.4338135719	1.0001140833	4.1465182304
2445.4338707924	1.0001150370	4.1466984749
2446.4339280128	1.0001126528	4.1469120979
2447.4339852333	1.0001109838	4.1471214294
2448.4340424538	1.0001162291	4.1473250389
2449.4340996742	1.0001145601	4.1475219727
2450.4341568947	1.0001174212	4.1477360725
2451.4332141876	1.0001119375	4.1479420662
2452.4332714081	1.0001173019	4.1481437683
2453.4333286285	1.0001156330	4.1483530998
2454.4333858490	1.0001124144	4.1485548019
2455.4334430695	1.0001187325	4.1487765312
2456.4335002899	1.0001083612	4.1489706039
2457.4335575104	1.0001133680	4.1491832733
2458.4336147308	1.0001139641	4.1493802071
2459.4336719513	1.0001111031	4.1496009827
2460.4337286949	1.0001102686	4.1497983932
2461.4337859154	1.0001157522	4.1500282288
2462.4338431358	1.0001139641	4.1502342224
2463.4339003563	1.0001096725	4.1504430771
2464.4339575768	1.0001180172	4.1506485939
2465.4340147972	1.0001163483	4.1508631706
2466.4340720177	1.0001044273	4.1510500908
2467.4341292381	1.0001193285	4.1512742043
2468.4341864586	1.0001119375	4.1514763832
2469.4332437515	1.0001121759	4.1516914368
2470.4333009720	1.0001174212	4.1519060135
2471.4333581924	1.0001156330	4.1521072388
2472.4334154129	1.0001188517	4.1523199081
2473.4334726334	1.0001118183	4.1525211334
2474.4335298538	1.0001175404	4.1527366638
2475.4335870743	1.0001125336	4.1529574394
2476.4336442947	1.0001085997	4.1531720161
2477.4337015152	1.0001200438	4.1533918381
2478.4337587357	1.0001167059	4.1536087990
2479.4338159561	1.0001111031	4.1538090706
2480.4338726997	1.0001184940	4.1540198326
2481.4339299202	1.0001168251	4.1542367935
2482.4339871407	1.0001130104	4.1544547081
2483.4340443611	1.0001206398	4.1546583176
2484.4341015816	1.0001167059	4.1548709869
2485.4341588020	1.0001182556	4.1550908089
2486.4332160950	1.0001111031	4.1552963257
2487.4332733154	1.0001193285	4.1555151939
2488.4333305359	1.0001113415	4.1557354927
2489.4333877563	1.0001167059	4.1559615135
2490.4334449768	1.0001126528	4.1561784744
2491.4335021973	1.0001149178	4.1563816071
2492.4335594177	1.0001130104	4.1565833092
2493.4336166382	1.0001159906	4.1568012238
2494.4336738586	1.0001213551	4.1570229530
2495.4337310791	1.0001159906	4.1572451591
2496.4337882996	1.0001269579	4.1574659348
2497.4338455200	1.0001184940	4.1576881409
2498.4339027405	1.0001163483	4.1579003334
2499.4339594841	1.0001182556	4.1581163406
2500.4340167046	1.0001138449	4.1583323479
2501.4340739250	1.0001181364	4.1585602760
2502.4341311455	1.0001157522	4.1587734222
2503.4331884384	1.0001178980	4.1589808464
2504.4332456589	1.0001134872	4.1592097282
2505.4333028793	1.0001165867	4.1594190598
2506.4333600998	1.0001184940	4.1596460342
2507.4334173203	1.0001150370	4.1598629951
2508.4334745407	1.0001165867	4.1600813866
2509.4335317612	1.0001204014	4.1603007317
2510.4335889816	1.0001153946	4.1605215073
2511.4336462021	1.0001106262	4.1607193947
2512.4337034225	1.0001227856	4.1609745026
2513.4337606430	1.0001170635	4.1611742973
2514.4338178635	1.0001106262	4.1614069939
2515.4338750839	1.0001199245	4.1616339684
2516.4339323044	1.0001188517	4.1618604660
2517.4339895248	1.0001167059	4.1620802879
2518.4340467453	1.0001175404	4.1623020172
2519.4341034889	1.0001149178	4.1625099182
2520.4341607094	1.0001231432	4.1627550125
2521.4332180023	1.0001156330	4.1629695892
2522.4332747459	1.0001156330	4.1631898880
2523.4333324432	1.0001150370	4.1634140015
2524.4333891869	1.0001137257	4.1636462212
2525.4334468842	1.0001219511	4.1638770103
2526.4335036278	1.0001168251	4.1641077995
2527.4335613251	1.0001151562	4.1643247604
2528.4336180687	1.0001176596	4.1645488739
2529.4336757660	1.0001122952	4.1647853851
2530.4337325096	1.0001131296	4.1649942398
2531.4337902069	1.0001150370	4.1652350426
2532.4338469505	1.0001109838	4.1654634476
2533.4339046478	1.0001146793	4.1656932831
2534.4339613914	1.0001190901	4.1659193039
2535.4340190887	1.0001156330	4.1661591530
2536.4340758324	1.0001134872	4.1664032936
2537.4341335297	1.0001164675	4.1666254997
2538.4331903458	1.0001153946	4.1668434143
2539.4332475662	1.0001081228	4.1670794487
2540.4333043098	1.0001202822	4.1673183441
2541.4333620071	1.0001149178	4.1675453186
2542.4334187508	1.0001156330	4.1677613258
2543.4334764481	1.0001107454	4.1679978371
2544.4335331917	1.0001200438	4.1682238579
2545.4335908890	1.0001173019	4.1684584618
2546.4336476326	1.0001176596	4.1686964035
2547.4337053299	1.0001239777	4.1689410210
2548.4337620735	1.0001167059	4.1691789627
2549.4338197708	1.0001193285	4.1694087982
2550.4338765144	1.0001168251	4.1696467400
2551.4339342117	1.0001162291	4.1698756218
2552.4339909554	1.0001157522	4.1701030731
2553.4340486526	1.0001127720	4.1703391075
2554.4341053963	1.0001157522	4.1705727577
2555.4341630936	1.0001168251	4.1708312035
2556.4332199097	1.0001114607	4.1710515022
2557.4332771301	1.0001139641	4.1712975502
2558.4333343506	1.0001180172	4.1715254784
2559.4333910942	1.0001165867	4.1717724800
2560.4334483147	1.0001175404	4.1720085144
2561.4335055351	1.0001106262	4.1722497940
2562.4335627556	1.0001146793	4.1724915504
2563.4336199760	1.0001147985	4.1727294922
2564.4336771965	1.0001131296	4.1729540825
2565.4337344170	1.0001144409	4.1731987000
2566.4337916374	1.0001180172	4.1734399796
2567.4338488579	1.0001192093	4.1736969948
2568.4339060783	1.0001149178	4.1739416122
2569.4339632988	1.0001143217	4.1741614342
2570.4340205193	1.0001162291	4.1744232178
2571.4340777397	1.0001118183	4.1746520996
2572.4341349602	1.0001153946	4.1749014854
2573.4331922531	1.0001144409	4.1751546860
2574.4332494736	1.0001206398	4.1754174232
2575.4333066940	1.0001149178	4.1756463051
2576.4333639145	1.0001219511	4.1758961678
2577.4334211349	1.0001149178	4.1761493683
2578.4334783554	1.0001146793	4.1763939857
2579.4335350990	1.0001177788	4.1766452789
2580.4335923195	1.0001151562	4.1768808365
2581.4336495399	1.0001188517	4.1771268845
2582.4337067604	1.0001219511	4.1773853302
2583.4337639809	1.0001177788	4.1776375771
2584.4338212013	1.0001201630	4.1778922081
2585.4338784218	1.0001143217	4.1781191826
2586.4339356422	1.0001182556	4.1783676147
2587.4339928627	1.0001219511	4.1786255836
2588.4340500832	1.0001082420	4.1788806915
2589.4341073036	1.0001188517	4.1791253090
2590.4341645241	1.0001136065	4.1793780327
2591.4332218170	1.0001165867	4.1796331406
2592.4332790375	1.0001101494	4.1798877716
2593.4333362579	1.0001124144	4.1801223755
2594.4333934784	1.0001167059	4.1803989410
2595.4334506989	1.0001109838	4.1806540489
2596.4335079193	1.0001156330	4.1808915138
2597.4335651398	1.0001182556	4.1811804771
2598.4336218834	1.0001150370	4.1814031601
2599.4336791039	1.0001108646	4.1816463470
2600.4337363243	1.0001167059	4.1819052696
2601.4337935448	1.0001158714	4.1821670532
2602.4338507652	1.0001180172	4.1824364662
2603.4339079857	1.0001131296	4.1826829910
2604.4339652061	1.0001153946	4.1829500198
2605.4340224266	1.0001133680	4.1832079887
2606.4340796471	1.0001174212	4.1834702492
2607.4341368675	1.0001190901	4.1837325096
2608.4331941605	1.0001138449	4.1839962006
2609.4332513809	1.0001207590	4.1842384338
2610.4333086014	1.0001180172	4.1845116615
2611.4333658218	1.0001101494	4.1847491264
2612.4334230423	1.0001162291	4.1850266457
2613.4334802628	1.0001109838	4.1852784157
2614.4335374832	1.0001178980	4.1855535507
2615.4335947037	1.0001105070	4.1858057976
2616.4336519241	1.0001169443	4.1860728264
2617.4337091446	1.0001139641	4.1863260269
2618.4337658882	1.0001156330	4.1866025925
2619.4338231087	1.0001131296	4.1868696213
2620.4338803291	1.0001152754	4.1871089935
2621.4339375496	1.0001193285	4.1874060631
2622.4339947701	1.0001125336	4.1876621246
2623.4340519905	1.0001127720	4.1879277229
2624.4341092110	1.0001114607	4.1881823540
2625.4341664314	1.0001116991	4.1884617805
2626.4332237244	1.0001108646	4.1886992455
2627.4332809448	1.0001118183	4.1889810562
2628.4333381653	1.0001119375	4.1892533302
2629.4333953857	1.0001136065	4.1895146370
2630.4334526062	1.0001105070	4.1897907257
2631.4335098267	1.0001118183	4.1900777817
2632.4335670471	1.0001193285	4.1903204918
2633.4336242676	1.0001161098	4.1905965805
2634.4336814880	1.0001182556	4.1908540726
2635.4337387085	1.0001116991	4.1911587715
2636.4337959290	1.0001137257	4.1914038658
2637.4338531494	1.0001158714	4.1916923523
2638.4339098930	1.0001069307	4.1919617653
2639.4339671135	1.0001173019	4.1922402382
2640.4340243340	1.0001111031	4.1925024986
2641.4340815544	1.0001139641	4.1927685738
2642.4341387749	1.0001119375	4.1930499077
2643.4331955910	1.0001131296	4.1933174133
2644.4332532883	1.0001109838	4.1935911179
2645.4333100319	1.0001096725	4.1938681602
2646.4333677292	1.0001119375	4.1941418648
2647.4334244728	1.0001124144	4.1944169998
2648.4334821701	1.0001118183	4.1946988106
2649.4335389137	1.0001068115	4.1949605942
2650.4335966110	1.0001108646	4.1952323914
2651.4336533546	1.0001075268	4.1955075264
2652.4337110519	1.0001118183	4.1957888603
2653.4337677956	1.0001140833	4.1960625648
2654.4338254929	1.0001091957	4.1963438988
2655.4338822365	1.0001164675	4.1966347694
2656.4339399338	1.0001091957	4.1969103813
2657.4339966774	1.0001090765	4.1971774101
2658.4340538979	1.0001145601	4.1974573135
2659.4341111183	1.0001174212	4.1977415085
2660.4341683388	1.0001107454	4.1980237961
2661.4332251549	1.0001127720	4.1983065605
2662.4332828522	1.0001127720	4.1985774040
2663.4333395958	1.0001078844	4.1988458633
2664.4333972931	1.0001145601	4.1991343498
2665.4334540367	1.0001137257	4.1994247437
2666.4335117340	1.0001139641	4.1997075081
2667.4335684776	1.0001147985	4.1999707222
2668.4336261749	1.0001194477	4.2002835274
2669.7897038460	1.0146950483	4.1997451782
2670.7897605896	0.9994698763	4.1997451782
2671.7898182869	0.9947507977	4.1997451782
2672.7898750305	0.9912362695	4.1997451782
2673.7899327278	0.9884065986	4.1997451782
2674.7899894714	0.9856466651	4.1997451782
2675.7900466919	0.9832204580	4.1997451782
2676.7901039124	0.9808691740	4.1997451782
2677.7901611328	0.9786662459	4.1997451782
2678.7892179489	0.9764397144	4.1997451782
2679.7892751694	0.9744280577	4.1997451782
2680.7893323898	0.9724304676	4.1997451782
2681.7893896103	0.9703691602	4.1997451782
2682.7894468307	0.9682980180	4.1997451782
2683.7895040512	0.9662051201	4.1997451782
2684.7895612717	0.9644216299	4.1997451782
2685.7896184921	0.9624711871	4.1997451782
2686.7896757126	0.9605268836	4.1997451782
2687.7897329330	0.9587020874	4.1997451782
2688.7897901535	0.9568988085	4.1997451782
2689.7898473740	0.9550149441	4.1997451782
2690.7899045944	0.9532952905	4.1997451782
2691.7899618149	0.9512402415	4.1997451782
2692.7900190353	0.9497177601	4.1997451782
2693.7900762558	0.9479941726	4.1997451782
2694.7901334763	0.9461643100	4.1997451782
2695.7891902924	0.9445189238	4.1997451782
2696.7892475128	0.9427003860	4.1997451782
2697.7893047333	0.9410709143	4.1997451782
2698.7893619537	0.9392940998	4.1997451782
2699.7894191742	0.9376094341	4.1997451782
2700.7894763947	0.9361341000	4.1997451782
2701.7895336151	0.9342724085	4.1997451782
2702.7895908356	0.9327909946	4.1997451782
2703.7896480560	0.9311605096	4.1997451782
2704.7897052765	0.9295426607	4.1997451782
2705.7897624969	0.9277555943	4.1997451782
2706.7898197174	0.9263070226	4.1997451782
2707.7898769379	0.9245900512	4.1997451782
2708.7899341583	0.9231856465	4.1997451782
2709.7899913788	0.9214931726	4.1997451782
2710.7900485992	0.9201114178	4.1997451782
2711.7901058197	0.9185326099	4.1997451782
2712.7901630402	0.9169903994	4.1997451782
2713.7892203331	0.9153861403	4.1997451782
2714.7892775536	0.9139246941	4.1997451782
2715.7893342972	0.9124848843	4.1997451782
2716.7893915176	0.9108656645	4.1997451782
2717.7894487381	0.9092934728	4.1997451782
2718.7895059586	0.9079852104	4.1997451782
2719.7895631790	0.9064823389	4.1997451782
2720.7896203995	0.9050441384	4.1997451782
2721.7896776199	0.9034420252	4.1997451782
2722.7897348404	0.9019787312	4.1997451782
2723.7897920609	0.9005359411	4.1997451782
2724.7898492813	0.8989811540	4.1997451782
2725.7899065018	0.8975306749	4.1997451782
2726.7899637222	0.8960714936	4.1997451782
2727.7900209427	0.8946717978	4.1997451782
2728.7900781631	0.8932480216	4.1997451782
2729.7901353836	0.8917509317	4.1997451782
2730.7891926765	0.8902727365	4.1997451782
2731.7892498970	0.8887885213	4.1997451782
2732.7893071175	0.8874145150	4.1997451782
2733.7893643379	0.8861028552	4.1997451782
2734.7894215584	0.8845250607	4.1997451782
2735.7894783020	0.8832095265	4.1997451782
2736.7895355225	0.8818387389	4.1997451782
2737.7895927429	0.8804684877	4.1997451782
2738.7896499634	0.8790252805	4.1997451782
2739.7897071838	0.8776901960	4.1997451782
2740.7897644043	0.8763040304	4.1997451782
2741.7898216248	0.8748276234	4.1997451782
2742.7898788452	0.8735126257	4.1997451782
2743.7899360657	0.8722028136	4.1997451782
2744.7899932861	0.8707593083	4.1997451782
2745.7900505066	0.8694165349	4.1997451782
2746.7901077271	0.8680548668	4.1997451782
2747.7901649475	0.8666727543	4.1997451782
2748.7892222404	0.8653103113	4.1997451782
2749.7892794609	0.8638983965	4.1997451782
2750.7893366814	0.8625422716	4.1997451782
2751.7893939018	0.8612940907	4.1997451782
2752.7894511223	0.8600624204	4.1997451782
2753.7895083427	0.8586904407	4.1997451782
2754.7895650864	0.8574019670	4.1997451782
2755.7896223068	0.8561247587	4.1997451782
2756.7896795273	0.8546093106	4.1997451782
2757.7897367477	0.8533349633	4.1997451782
2758.7897939682	0.8519941568	4.1997451782
2759.7898511887	0.8507950306	4.1997451782
2760.7899084091	0.8494654298	4.1997451782
2761.7899656296	0.8480582237	4.1997451782
2762.7900228500	0.8468214869	4.1997451782
2763.7900800705	0.8455753922	4.1997451782
2764.7901372910	0.8441658616	4.1997451782
2765.7891941071	0.8428214192	4.1997451782
2766.7892518044	0.8415572047	4.1997451782
2767.7893085480	0.8403848410	4.1997451782
2768.7893662453	0.8389653563	4.1997451782
2769.7894229889	0.8378014565	4.1997451782
2770.7894806862	0.8365212083	4.1997451782
2771.7895374298	0.8352252245	4.1997451782
2772.7895951271	0.8339901567	4.1997451782
2773.7896518707	0.8327317834	4.1997451782
2774.7897090912	0.8314711452	4.1997451782
2775.7897663116	0.8301779628	4.1997451782
2776.7898235321	0.8288701177	4.1997451782
2777.7898807526	0.8276955485	4.1997451782
2778.7899379730	0.8265210986	4.1997451782
2779.7899947166	0.8250446916	4.1997451782
2780.7900524139	0.8239535093	4.1997451782
2781.7901091576	0.8228710294	4.1997451782
2782.7901668549	0.8214271665	4.1997451782
2783.7892236710	0.8202958703	4.1997451782
2784.7892813683	0.8190765381	4.1997451782
2785.7893381119	0.8177394867	4.1997451782
2786.7893958092	0.8164976239	4.1997451782
2787.7894525528	0.8153703809	4.1997451782
2788.7895102501	0.8142232895	4.1997451782
2789.7895669937	0.8129967451	4.1997451782
2790.7896246910	0.8118633032	4.1997451782
2791.7896814346	0.8106834888	4.1997451782
2792.7897391319	0.8094725013	4.1997451782
2793.7897958755	0.8081019521	4.1997451782
2794.7898530960	0.8069605827	4.1997451782
2795.7899103165	0.8057929873	4.1997451782
2796.7899675369	0.8046696186	4.1997451782
2797.7900247574	0.8034435511	4.1997451782
2798.7900819778	0.8022810221	4.1997451782
2799.7901387215	0.8012477756	4.1997451782
2800.7891960144	0.7999078631	4.1997451782
2801.7892532349	0.7987385392	4.1997451782
2802.7893104553	0.7977011800	4.1997451782
2803.7893676758	0.7964602113	4.1997451782
2804.7894248962	0.7952858210	4.1997451782
2805.7894821167	0.7942059636	4.1997451782
2806.7895393372	0.7929754257	4.1997451782
2807.7895965576	0.7917497158	4.1997451782
2808.7896537781	0.7906948328	4.1997451782
2809.7897109985	0.7896882296	4.1997451782
2810.7897682190	0.7884411812	4.1997451782
2811.7898254395	0.7872836590	4.1997451782
2812.7898826599	0.7862038016	4.1997451782
2813.7899398804	0.7851802707	4.1997451782
2814.7899971008	0.7840417624	4.1997451782
2815.7900543213	0.7829021811	4.1997451782
2816.7901115417	0.7816618681	4.1997451782
2817.7901682854	0.7806676626	4.1997451782
2818.7892255783	0.7793611288	4.1997451782
2819.7892827988	0.7783930302	4.1997451782
2820.7893400192	0.7772143483	4.1997451782
2821.7893972397	0.7762126327	4.1997451782
2822.7894544601	0.7749603987	4.1997451782
2823.7895116806	0.7738783360	4.1997451782
2824.7895689011	0.7728632092	4.1997451782
2825.7896261215	0.7717311382	4.1997451782
2826.7896833420	0.7705387473	4.1997451782
2827.7897405624	0.7695637941	4.1997451782
2828.7897977829	0.7683497071	4.1997451782
2829.7898550034	0.7673482895	4.1997451782
2830.7899122238	0.7662445903	4.1997451782
2831.7899694443	0.7652326226	4.1997451782
2832.7900266647	0.7641657591	4.1997451782
2833.7900838852	0.7630218863	4.1997451782
2834.7901411057	0.7620662451	4.1997451782
2835.7891979218	0.7610025406	4.1997451782
2836.7892551422	0.7599902749	4.1997451782
2837.7893123627	0.7587854266	4.1997451782
2838.7893695831	0.7576810122	4.1997451782
2839.7894268036	0.7566386461	4.1997451782
2840.7894840240	0.7555690408	4.1997451782
2841.7895412445	0.7545444369	4.1997451782
2842.7895984650	0.7535169721	4.1997451782
2843.7896556854	0.7524080873	4.1997451782
2844.7897129059	0.7513483763	4.1997451782
2845.7897701263	0.7504577041	4.1997451782
2846.7898273468	0.7493721247	4.1997451782
2847.7898845673	0.7481870651	4.1997451782
2848.7899417877	0.7471306920	4.1997451782
2849.7899990082	0.7461705804	4.1997451782
2850.7900562286	0.7452183962	4.1997451782
2851.7901134491	0.7441324592	4.1997451782
2852.7901706696	0.7431367040	4.1997451782
2853.7892274857	0.7420322299	4.1997451782
2854.7892847061	0.7410666347	4.1997451782
2855.7893419266	0.7399761081	4.1997451782
2856.7893991470	0.7390542030	4.1997451782
2857.7894563675	0.7380753160	4.1997451782
2858.7895135880	0.7371095419	4.1997451782
2859.7895708084	0.7360872030	4.1997451782
2860.7896280289	0.7351202369	4.1997451782
2861.7896852493	0.7342107892	4.1997451782
2862.7897424698	0.7331666350	4.1997451782
2863.7897996902	0.7321377993	4.1997451782
2864.7898569107	0.7309023738	4.1997451782
2865.7899141312	0.7301475406	4.1997451782
2866.7899713516	0.7290705442	4.1997451782
2867.7900285721	0.7281619310	4.1997451782
2868.7900857925	0.7271109819	4.1997451782
2869.7901430130	0.7262687087	4.1997451782
2870.7892003059	0.7252683640	4.1997451782
2871.7892575264	0.7242781520	4.1997451782
2872.7893147469	0.7232189178	4.1997451782
2873.7893714905	0.7223952413	4.1997451782
2874.7894287109	0.7212070227	4.1997451782
2875.7894859314	0.7202863097	4.1997451782
2876.7895431519	0.7193740010	4.1997451782
2877.7896003723	0.7184239626	4.1997451782
2878.7896575928	0.7174486518	4.1997451782
2879.7897148132	0.7163917422	4.1997451782
2880.7897720337	0.7155336142	4.1997451782
2881.7898292542	0.7144756913	4.1997451782
2882.7898864746	0.7135404944	4.1997451782
2883.7899436951	0.7125754952	4.1997451782
2884.7900009155	0.7116152644	4.1997451782
2885.7900581360	0.7107480168	4.1997451782
2886.7901153564	0.7096554041	4.1997451782
2887.7901725769	0.7087352276	4.1997451782
2888.7892293930	0.7078433037	4.1997451782
2889.7892870903	0.7068924904	4.1997451782
2890.7893438339	0.7058370113	4.1997451782
2891.7894015312	0.7050603628	4.1997451782
2892.7894582748	0.7040637732	4.1997451782
2893.7895154953	0.7030870318	4.1997451782
2894.7895727158	0.7022854686	4.1997451782
2895.7896299362	0.7013210654	4.1997451782
2896.7896871567	0.7003062963	4.1997451782
2897.7897443771	0.6994025111	4.1997451782
2898.7898011208	0.6985218525	4.1997451782
2899.7898588181	0.6975561380	4.1997451782
2900.7899155617	0.6967369318	4.1997451782
2901.7899732590	0.6957632899	4.1997451782
2902.7900300026	0.6947926879	4.1997451782
2903.7900876999	0.6939546466	4.1997451782
2904.7901444435	0.6929806471	4.1997451782
2905.7892022133	0.6921344399	4.1997451782
2906.7892589569	0.6911612153	4.1997451782
2907.7893166542	0.6904032826	4.1997451782
2908.7893733978	0.6895107627	4.1997451782
2909.7894310951	0.6887086630	4.1997451782
2910.7894878387	0.6876633167	4.1997451782
2911.7895455360	0.6868791580	4.1997451782
2912.7896022797	0.6858962774	4.1997451782
2913.7896595001	0.6851562262	4.1997451782
2914.7897167206	0.6842164397	4.1997451782
2915.7897739410	0.6834336519	4.1997451782
2916.7898306847	0.6824705005	4.1997451782
2917.7898883820	0.6816911697	4.1997451782
2918.7899451256	0.6808402538	4.1997451782
2919.7900028229	0.6797794700	4.1997451782
2920.7900595665	0.6788358688	4.1997451782
2921.7901172638	0.6780744195	4.1997451782
2922.7901740074	0.6771990061	4.1997451782
2923.7892313004	0.6761484742	4.1997451782
2924.7892885208	0.6754773855	4.1997451782
2925.7893457413	0.6744821668	4.1997451782
2926.7894029617	0.6736760736	4.1997451782
2927.7894601822	0.6727192402	4.1997451782
2928.7895174026	0.6718394756	4.1997451782
2929.7895746231	0.6709731817	4.1997451782
2930.7896318436	0.6701865196	4.1997451782
2931.7896890640	0.6691923141	4.1997451782
2932.7897462845	0.6684131026	4.1997451782
2933.7898035049	0.6677119136	4.1997451782
2934.7898607254	0.6667190790	4.1997451782
2935.7899179459	0.6658618450	4.1997451782
2936.7899746895	0.6649665833	4.1997451782
2937.7900319099	0.6642472744	4.1997451782
2938.7900891304	0.6633219123	4.1997451782
2939.7901463509	0.6625556946	4.1997451782
2940.7892036438	0.6615571976	4.1997451782
2941.7892608643	0.6607511640	4.1997451782
2942.7893180847	0.6600102782	4.1997451782
2943.7893753052	0.6590100527	4.1997451782
2944.7894325256	0.6584066153	4.1997451782
2945.7894897461	0.6574029922	4.1997451782
2946.7895469666	0.6566720009	4.1997451782
2947.7896041870	0.6559633017	4.1997451782
2948.7896614075	0.6551470160	4.1997451782
2949.7897186279	0.6541526914	4.1997451782
2950.7897758484	0.6532898545	4.1997451782
2951.7898330688	0.6523118019	4.1997451782
2952.7898902893	0.6515718102	4.1997451782
2953.7899475098	0.6508054733	4.1997451782
2954.7900047302	0.6499441862	4.1997451782
2955.7900619507	0.6489802599	4.1997451782
2956.7901186943	0.6481269598	4.1997451782
2957.7901759148	0.6474164724	4.1997451782
2958.7892332077	0.6465875506	4.1997451782
2959.7892904282	0.6457917094	4.1997451782
2960.7893476486	0.6449684501	4.1997451782
2961.7894048691	0.6441116929	4.1997451782
2962.7894620895	0.6433973312	4.1997451782
2963.7895193100	0.6426191926	4.1997451782
2964.7895765305	0.6418248415	4.1997451782
2965.7896337509	0.6408571601	4.1997451782
2966.7896909714	0.6400910616	4.1997451782
2967.7897481918	0.6394715309	4.1997451782
2968.7898054123	0.6386337876	4.1997451782
2969.7898626328	0.6378976703	4.1997451782
2970.7899198532	0.6369569898	4.1997451782
2971.7899770737	0.6361373067	4.1997451782
2972.7900342941	0.6353240013	4.1997451782
2973.7900915146	0.6344434619	4.1997451782
2974.7901487350	0.6337059736	4.1997451782
2975.7892055511	0.6328128576	4.1997451782
2976.7892627716	0.6322297454	4.1997451782
2977.7893199921	0.6312924027	4.1997451782
2978.7893772125	0.6304876208	4.1997451782
2979.7894344330	0.6296786070	4.1997451782
2980.7894916534	0.6288995147	4.1997451782
2981.7895488739	0.6282078028	4.1997451782
2982.7896060944	0.6272308230	4.1997451782
2983.7896633148	0.6266168952	4.1997451782
2984.7897205353	0.6257379055	4.1997451782
2985.7897777557	0.6250336170	4.1997451782
2986.7898349762	0.6242104769	4.1997451782
2987.7898921967	0.6234090328	4.1997451782
2988.7899494171	0.6226592660	4.1997451782
2989.7900066376	0.6218711138	4.1997451782
2990.7900638580	0.6209804416	4.1997451782
2991.7901210785	0.6201674938	4.1997451782
2992.7901782990	0.6196044087	4.1997451782
2993.7892351151	0.6187256575	4.1997451782
2994.7892923355	0.6178753972	4.1997451782
2995.7893495560	0.6171205044	4.1997451782
2996.7894067764	0.6162322164	4.1997451782
2997.7894639969	0.6155478358	4.1997451782
2998.7895212173	0.6147823930	4.1997451782
2999.7895784378	0.6140040755	4.1997451782
3000.7896356583	0.6131696701	4.1997451782
3001.7896928787	0.6124096513	4.1997451782
3002.7897500992	0.6116778851	4.1997451782
3003.7898073196	0.6109730005	4.1997451782
3004.7898645401	0.6102139354	4.1997451782
3005.7899217606	0.6093495488	4.1997451782
3006.7899789810	0.6086125970	4.1997451782
3007.7900362015	0.6077475548	4.1997451782
3008.7900934219	0.6070068479	4.1997451782
3009.7901506424	0.6062622666	4.1997451782
3010.7892079353	0.6055819988	4.1997451782
3011.7892646790	0.6049877405	4.1997451782
3012.7893218994	0.6040948629	4.1997451782
3013.7893791199	0.6033879519	4.1997451782
3014.7894363403	0.6025684476	4.1997451782
3015.7894930840	0.6018440723	4.1997451782
3016.7895507813	0.6011623740	4.1997451782
3017.7896075249	0.6004046798	4.1997451782
3018.7896652222	0.5996435881	4.1997451782
3019.7897219658	0.5989283323	4.1997451782
3020.7897796631	0.5979729295	4.1997451782
3021.7898364067	0.5973685384	4.1997451782
3022.7898941040	0.5967148542	4.1997451782
3023.7899508476	0.5958400369	4.1997451782
3024.7900085449	0.5951954722	4.1997451782
3025.7900652885	0.5942871571	4.1997451782
3026.7901229858	0.5937835574	4.1997451782
3027.7901797295	0.5930045843	4.1997451782
3028.7892374992	0.5922111273	4.1997451782
3029.7892942429	0.5913442969	4.1997451782
3030.7893519402	0.5906914473	4.1997451782
3031.7894086838	0.5899678469	4.1997451782
3032.7894659042	0.5892400146	4.1997451782
3033.7895231247	0.5884101391	4.1997451782
3034.7895803452	0.5876230597	4.1997451782
3035.7896370888	0.5869497657	4.1997451782
3036.7896947861	0.5861015916	4.1997451782
3037.7897515297	0.5855691433	4.1997451782
3038.7898092270	0.5848739147	4.1997451782
3039.7898659706	0.5841075778	4.1997451782
3040.7899236679	0.5834895372	4.1997451782
3041.7899804115	0.5827401280	4.1997451782
3042.7900381088	0.5820605755	4.1997451782
3043.7900948524	0.5811654329	4.1997451782
3044.7901525497	0.5804350972	4.1997451782
3045.7892093658	0.5798359513	4.1997451782
3046.7892665863	0.5790002942	4.1997451782
3047.7893238068	0.5783603191	4.1997451782
3048.7893810272	0.5776870847	4.1997451782
3049.7894382477	0.5768695474	4.1997451782
3050.7894954681	0.5760874748	4.1997451782
3051.7895526886	0.5755447149	4.1997451782
3052.7896099091	0.5748233199	4.1997451782
3053.7896671295	0.5739969611	4.1997451782
3054.7897243500	0.5732262731	4.1997451782
3055.7897810936	0.5725346804	4.1997451782
3056.7898383141	0.5718544722	4.1997451782
3057.7898955345	0.5710976124	4.1997451782
3058.7899527550	0.5704834461	4.1997451782
3059.7900099754	0.5696954131	4.1997451782
3060.7900671959	0.5689254403	4.1997451782
3061.7901244164	0.5682140589	4.1997451782
3062.7901816368	0.5674816966	4.1997451782
3063.7892389297	0.5667656064	4.1997451782
3064.7892961502	0.5661491156	4.1997451782
3065.7893533707	0.5653356910	4.1997451782
3066.7894105911	0.5648829341	4.1997451782
3067.7894678116	0.5640984774	4.1997451782
3068.7895250320	0.5634786487	4.1997451782
3069.7895822525	0.5627587438	4.1997451782
3070.7896394730	0.5619963408	4.1997451782
3071.7896966934	0.5612879395	4.1997451782
3072.7897539139	0.5606094003	4.1997451782
3073.7898111343	0.5598229170	4.1997451782
3074.7898683548	0.5593098402	4.1997451782
3075.7899250984	0.5584177971	4.1997451782
3076.7899823189	0.5577413440	4.1997451782
3077.7900395393	0.5569384098	4.1997451782
3078.7900967598	0.5564704537	4.1997451782
3079.7901539803	0.5557301044	4.1997451782
3080.7892112732	0.5550062060	4.1997451782
3081.7892684937	0.5542967319	4.1997451782
3082.7893257141	0.5535483956	4.1997451782
3083.7893829346	0.5529384613	4.1997451782
3084.7894401550	0.5521485209	4.1997451782
3085.7894973755	0.5515937805	4.1997451782
3086.7895545959	0.5508788824	4.1997451782
3087.7896118164	0.5500214100	4.1997451782
3088.7896690369	0.5494416356	4.1997451782
3089.7897262573	0.5487253070	4.1997451782
3090.7897834778	0.5480319262	4.1997451782
3091.7898406982	0.5472296476	4.1997451782
3092.7898979187	0.5466117263	4.1997451782
3093.7899551392	0.5459198952	4.1997451782
3094.7900118828	0.5452094078	4.1997451782
3095.7900691032	0.5445964336	4.1997451782
3096.7901263237	0.5439225435	4.1997451782
3097.7901835442	0.5431269407	4.1997451782
3098.7892408371	0.5423921347	4.1997451782
3099.7892980576	0.5417811871	4.1997451782
3100.7893552780	0.5411305428	4.1997451782
3101.7894124985	0.5405656099	4.1997451782
3102.7894697189	0.5398161411	4.1997451782
3103.7895269394	0.5390385985	4.1997451782
3104.7895841599	0.5384253263	4.1997451782
3105.7896413803	0.5376911759	4.1997451782
3106.7896986008	0.5369412303	4.1997451782
3107.7897558212	0.5362775922	4.1997451782
3108.7898130417	0.5356672406	4.1997451782
3109.7898702621	0.5350676775	4.1997451782
3110.7899274826	0.5343049169	4.1997451782
3111.7899847031	0.5337563157	4.1997451782
3112.7900419235	0.5329796672	4.1997451782
3113.7900991440	0.5323088169	4.1997451782
3114.7901558876	0.5317361355	4.1997451782
3115.7892131805	0.5311935544	4.1997451782
3116.7892704010	0.5303372741	4.1997451782
3117.7893276215	0.5296683908	4.1997451782
3118.7893848419	0.5290910602	4.1997451782
3119.7894420624	0.5283560157	4.1997451782
3120.7894992828	0.5276231170	4.1997451782
3121.7895565033	0.5270707607	4.1997451782
3122.7896137238	0.5264365673	4.1997451782
3123.7896709442	0.5257872939	4.1997451782
3124.7897281647	0.5251906514	4.1997451782
3125.7897853851	0.5244592428	4.1997451782
3126.7898426056	0.5237600207	4.1997451782
3127.7898998260	0.5231611729	4.1997451782
3128.7899570465	0.5225849152	4.1997451782
3129.7900142670	0.5218192339	4.1997451782
3130.7900714874	0.5210937262	4.1997451782
3131.7901287079	0.5205732584	4.1997451782
3132.7901859283	0.5199451447	4.1997451782
3133.7892427444	0.5192147493	4.1997451782
3134.7892994881	0.5185147524	4.1997451782
3135.7893571854	0.5177430511	4.1997451782
3136.7894139290	0.5170913935	4.1997451782
3137.7894716263	0.5167834163	4.1997451782
3138.7895283699	0.5159514546	4.1997451782
3139.7895860672	0.5153776407	4.1997451782
3140.7896428108	0.5146780610	4.1997451782
3141.7897005081	0.5140560269	4.1997451782
3142.7897572517	0.5133186579	4.1997451782
3143.7898149490	0.5127223730	4.1997451782
3144.7898716927	0.5119525790	4.1997451782
3145.7899293900	0.5113923550	4.1997451782
3146.7899861336	0.5107778311	4.1997451782
3147.7900438309	0.5100743771	4.1997451782
3148.7901005745	0.5095810294	4.1997451782
3149.7901582718	0.5087924600	4.1997451782
3150.7892150879	0.5081096292	4.1997451782
3151.7892723083	0.5075225234	4.1997451782
3152.7893295288	0.5069592595	4.1997451782
3153.7893867493	0.5063217282	4.1997451782
3154.7894434929	0.5056740046	4.1997451782
3155.7895011902	0.5049077868	4.1997451782
3156.7895579338	0.5043945313	4.1997451782
3157.7896156311	0.5036737323	4.1997451782
3158.7896723747	0.5030596256	4.1997451782
3159.7897300720	0.5024791956	4.1997451782
3160.7897868156	0.5018930435	4.1997451782
3161.7898445129	0.5012457371	4.1997451782
3162.7899012566	0.5006193519	4.1997451782
3163.7899589539	0.4999358952	4.1997451782
3164.7900156975	0.4993813038	4.1997451782
3165.7900733948	0.4986763299	4.1997451782
3166.7901301384	0.4980364740	4.1997451782
3167.7901878357	0.4973427057	4.1997451782
3168.7892446518	0.4967396855	4.1997451782
3169.7893018723	0.4961105287	4.1997451782
3170.7893590927	0.4956386089	4.1997451782
3171.7894163132	0.4949209094	4.1997451782
3172.7894735336	0.4942882955	4.1997451782
3173.7895307541	0.4936623871	4.1997451782
3174.7895874977	0.4931638539	4.1997451782
3175.7896447182	0.4925644398	4.1997451782
3176.7897019386	0.4917480350	4.1997451782
3177.7897591591	0.4912538230	4.1997451782
3178.7898163795	0.4907290041	4.1997451782
3179.7898736000	0.4900094867	4.1997451782
3180.7899308205	0.4894262254	4.1997451782
3181.7899880409	0.4889449477	4.1997451782
3182.7900452614	0.4883536994	4.1997451782
3183.7901024818	0.4876848161	4.1997451782
3184.7901597023	0.4870554209	4.1997451782
3185.7892169952	0.4864919186	4.1997451782
3186.7892742157	0.4858984053	4.1997451782
3187.7893314362	0.4851367772	4.1997451782
3188.7893886566	0.4847400486	4.1997451782
3189.7894458771	0.4841210544	4.1997451782
3190.7895030975	0.4834556878	4.1997451782
3191.7895603180	0.4828669727	4.1997451782
3192.7896175385	0.4821429551	4.1997451782
3193.7896742821	0.4816701412	4.1997451782
3194.7897315025	0.4811232984	4.1997451782
3195.7897887230	0.4805735648	4.1997451782
3196.7898459435	0.4798421860	4.1997451782
3197.7899031639	0.4790447354	4.1997451782
3198.7899603844	0.4786285758	4.1997451782
3199.7900176048	0.4778241515	4.1997451782
3200.7900748253	0.4772197008	4.1997451782
3201.7901320457	0.4766806364	4.1997451782
3202.7891893387	0.4761404991	4.1997451782
3203.7892465591	0.4754796624	4.1997451782
3204.7893037796	0.4749930501	4.1997451782
3205.7893610001	0.4743843675	4.1997451782
3206.7894182205	0.4737788737	4.1997451782
3207.7894754410	0.4732674956	4.1997451782
3208.7895326614	0.4726122022	4.1997451782
3209.7895898819	0.4720738530	4.1997451782
3210.7896471024	0.4715348482	4.1997451782
3211.7897043228	0.4708817005	4.1997451782
3212.7897615433	0.4702272117	4.1997451782
3213.7898182869	0.4697270393	4.1997451782
3214.7898755074	0.4691865742	4.1997451782
3215.7899327278	0.4685601294	4.1997451782
3216.7899899483	0.4678554535	4.1997451782
3217.7900471687	0.4673404694	4.1997451782
3218.7901043892	0.4667595327	4.1997451782
3219.7901616096	0.4660828412	4.1997451782
3220.7892189026	0.4653637409	4.1997451782
3221.7892761230	0.4648882449	4.1997451782
3222.7893333435	0.4642046690	4.1997451782
3223.7893905640	0.4635991156	4.1997451782
3224.7894477844	0.4631792009	4.1997451782
3225.7895050049	0.4624709487	4.1997451782
3226.7895622253	0.4619958699	4.1997451782
3227.7896194458	0.4612835944	4.1997451782
3228.7896766663	0.4606489539	4.1997451782
3229.7897338867	0.4602344632	4.1997451782
3230.7897911072	0.4596197009	4.1997451782
3231.7898483276	0.4591135383	4.1997451782
3232.7899055481	0.4584298134	4.1997451782
3233.7899622917	0.4578805268	4.1997451782
3234.7900195122	0.4574653804	4.1997451782
3235.7900767326	0.4568026066	4.1997451782
3236.7901339531	0.4560458362	4.1997451782
3237.7891912460	0.4554831088	4.1997451782
3238.7892484665	0.4549141526	4.1997451782
3239.7893056870	0.4545179904	4.1997451782
3240.7893629074	0.4540383518	4.1997451782
3241.7894201279	0.4534824193	4.1997451782
3242.7894773483	0.4527962506	4.1997451782
3243.7895345688	0.4522731602	4.1997451782
3244.7895917892	0.4514842927	4.1997451782
3245.7896490097	0.4511463344	4.1997451782
3246.7897062302	0.4506390393	4.1997451782
3247.7897634506	0.4499871135	4.1997451782
3248.7898206711	0.4493860304	4.1997451782
3249.7898778915	0.4488214254	4.1997451782
3250.7899351120	0.4483784139	4.1997451782
3251.7899923325	0.4477415979	4.1997451782
3252.7900495529	0.4471803308	4.1997451782
3253.7901062965	0.4466173649	4.1997451782
3254.7901635170	0.4461592138	4.1997451782
3255.7892203331	0.4455041587	4.1997451782
3256.7892780304	0.4448226690	4.1997451782
3257.7893347740	0.4444310665	4.1997451782
3258.7893924713	0.4437718689	4.1997451782
3259.7894492149	0.4430509508	4.1997451782
3260.7895069122	0.4426187575	4.1997451782
3261.7895636559	0.4422258139	4.1997451782
3262.7896213531	0.4416207969	4.1997451782
3263.7896780968	0.4408681393	4.1997451782
3264.7897357941	0.4405092299	4.1997451782
3265.7897925377	0.4400045872	4.1997451782
3266.7898502350	0.4393552542	4.1997451782
3267.7899069786	0.4387713671	4.1997451782
3268.7899646759	0.4383289218	4.1997451782
3269.7900214195	0.4377042651	4.1997451782
3270.7900791168	0.4372940660	4.1997451782
3271.7901358604	0.4366804361	4.1997451782
3272.7891931534	0.4360474050	4.1997451782
3273.7892498970	0.4354383945	4.1997451782
3274.7893075943	0.4349135756	4.1997451782
3275.7893643379	0.4343947470	4.1997451782
3276.7894220352	0.4338437021	4.1997451782
3277.7894787788	0.4333084524	4.1997451782
3278.7895364761	0.4326852262	4.1997451782
3279.7895932198	0.4321615100	4.1997451782
3280.7896509171	0.4316712022	4.1997451782
3281.7897076607	0.4312340915	4.1997451782
3282.7897653580	0.4305801988	4.1997451782
3283.7898221016	0.4300746918	4.1997451782
3284.7898797989	0.4293266833	4.1997451782
3285.7899365425	0.4288789034	4.1997451782
3286.7899942398	0.4285306036	4.1997451782
3287.7900509834	0.4279181659	4.1997451782
3288.7901086807	0.4273795485	4.1997451782
3289.7901654243	0.4269094467	4.1997451782
3290.7892227173	0.4262758493	4.1997451782
3291.7892799377	0.4257272184	4.1997451782
3292.7893371582	0.4253990054	4.1997451782
3293.7893939018	0.4247853160	4.1997451782
3294.7894511223	0.4242576361	4.1997451782
3295.7895083427	0.4236488938	4.1997451782
3296.7895655632	0.4230657518	4.1997451782
3297.7896227837	0.4226162732	4.1997451782
3298.7896800041	0.4221077561	4.1997451782
3299.7897372246	0.4216351807	4.1997451782
3300.7897944450	0.4210334420	4.1997451782
3301.7898516655	0.4206458032	4.1997451782
3302.7899088860	0.4200150073	4.1997451782
3303.7899661064	0.4194777906	4.1997451782
3304.7900233269	0.4189804196	4.1997451782
3305.7900805473	0.4184926748	4.1997451782
3306.7901377678	0.4178454280	4.1997451782
3307.7891950607	0.4172964394	4.1997451782
3308.7892522812	0.4168272316	4.1997451782
3309.7893095016	0.4164601266	4.1997451782
3310.7893667221	0.4159329534	4.1997451782
3311.7894239426	0.4154967964	4.1997451782
3312.7894806862	0.4148797691	4.1997451782
3313.7895379066	0.4143768251	4.1997451782
3314.7895951271	0.4139094949	4.1997451782
3315.7896523476	0.4133234024	4.1997451782
3316.7897095680	0.4128588438	4.1997451782
3317.7897667885	0.4123803675	4.1997451782
3318.7898240089	0.4116930664	4.1997451782
3319.7898812294	0.4112586081	4.1997451782
3320.7899384499	0.4106642306	4.1997451782
3321.7899956703	0.4101566672	4.1997451782
3322.7900528908	0.4097438157	4.1997451782
3323.7901101112	0.4091779888	4.1997451782
3324.7901673317	0.4085414112	4.1997451782
3325.7892246246	0.4079880118	4.1997451782
3326.7892818451	0.4075150192	4.1997451782
3327.7893390656	0.4071609676	4.1997451782
3328.7893962860	0.4065632820	4.1997451782
3329.7894535065	0.4061479270	4.1997451782
3330.7895107269	0.4055682421	4.1997451782
3331.7895679474	0.4049550295	4.1997451782
3332.7896246910	0.4045396447	4.1997451782
3333.7896819115	0.4041207433	4.1997451782
3334.7897391319	0.4034731388	4.1997451782
3335.7897963524	0.4031330943	4.1997451782
3336.7898535728	0.4025445282	4.1997451782
3337.7899107933	0.4019818902	4.1997451782
3338.7899680138	0.4015772045	4.1997451782
3339.7900252342	0.4010724127	4.1997451782
3340.7900824547	0.4006643891	4.1997451782
3341.7901396751	0.4000944495	4.1997451782
3342.7891969681	0.3995946348	4.1997451782
3343.7892541885	0.3989852071	4.1997451782
3344.7893114090	0.3985116482	4.1997451782
3345.7893686295	0.3981126249	4.1997451782
3346.7894258499	0.3975581527	4.1997451782
3347.7894830704	0.3970658481	4.1997451782
3348.7895402908	0.3964371383	4.1997451782
3349.7895975113	0.3961383700	4.1997451782
3350.7896547318	0.3956347406	4.1997451782
3351.7897119522	0.3951326013	4.1997451782
3352.7897686958	0.3946217299	4.1997451782
3353.7898259163	0.3941584826	4.1997451782
3354.7898831367	0.3937540054	4.1997451782
3355.7899403572	0.3931661546	4.1997451782
3356.7899975777	0.3926697075	4.1997451782
3357.7900547981	0.3923013806	4.1997451782
3358.7901120186	0.3917932212	4.1997451782
3359.7901692390	0.3913885653	4.1997451782
3360.7892265320	0.3908262551	4.1997451782
3361.7892837524	0.3903139830	4.1997451782
3362.7893409729	0.3899708092	4.1997451782
3363.7893981934	0.3895350993	4.1997451782
3364.7894554138	0.3890807927	4.1997451782
3365.7895126343	0.3884556592	4.1997451782
3366.7895698547	0.3878270090	4.1997451782
3367.7896270752	0.3874140680	4.1997451782
3368.7896842957	0.3870161772	4.1997451782
3369.7897415161	0.3863306642	4.1997451782
3370.7897987366	0.3859923184	4.1997451782
3371.7898559570	0.3855629265	4.1997451782
3372.7899127007	0.3850987852	4.1997451782
3373.7899699211	0.3845342398	4.1997451782
3374.7900271416	0.3842881322	4.1997451782
3375.7900843620	0.3837058842	4.1997451782
3376.7901415825	0.3831219375	4.1997451782
3377.7891988754	0.3826911449	4.1997451782
3378.7892556190	0.3822733164	4.1997451782
3379.7893133163	0.3817268908	4.1997451782
3380.7893700600	0.3813302219	4.1997451782
3381.7894277573	0.3808996677	4.1997451782
3382.7894845009	0.3803966641	4.1997451782
3383.7895421982	0.3799019158	4.1997451782
3384.7895989418	0.3795674443	4.1997451782
3385.7896566391	0.3790011108	4.1997451782
3386.7897133827	0.3785621822	4.1997451782
3387.7897710800	0.3780570924	4.1997451782
3388.7898278236	0.3776674867	4.1997451782
3389.7898855209	0.3772771060	4.1997451782
3390.7899422646	0.3767325878	4.1997451782
3391.7899994850	0.3762944043	4.1997451782
3392.7900567055	0.3758920729	4.1997451782
3393.7901139259	0.3754166067	4.1997451782
3394.7901711464	0.3749585450	4.1997451782
3395.7892284393	0.3744821548	4.1997451782
3396.7892851830	0.3740036786	4.1997451782
3397.7893428802	0.3734398484	4.1997451782
3398.7893996239	0.3731267750	4.1997451782
3399.7894573212	0.3724426925	4.1997451782
3400.7895140648	0.3721461892	4.1997451782
3401.7895717621	0.3717408478	4.1997451782
3402.7896285057	0.3711763024	4.1997451782
3403.7896862030	0.3707414865	4.1997451782
3404.7897429466	0.3702374101	4.1997451782
3405.7898006439	0.3697755337	4.1997451782
3406.7898573875	0.3694260716	4.1997451782
3407.7899150848	0.3688915372	4.1997451782
3408.7899718285	0.3684475124	4.1997451782
3409.7900295258	0.3680699468	4.1997451782
3410.7900862694	0.3676139414	4.1997451782
3411.7901434898	0.3672056496	4.1997451782
3412.7892003059	0.3667920828	4.1997451782
3413.7892575264	0.3664852381	4.1997451782
3414.7893147469	0.3658194542	4.1997451782
3415.7893719673	0.3653768599	4.1997451782
3416.7894291878	0.3648439348	4.1997451782
3417.7894864082	0.3643558025	4.1997451782
3418.7895436287	0.3640432358	4.1997451782
3419.7896008492	0.3637186885	4.1997451782
3420.7896580696	0.3630760610	4.1997451782
3421.7897152901	0.3626918793	4.1997451782
3422.7897725105	0.3622536659	4.1997451782
3423.7898297310	0.3619596958	4.1997451782
3424.7898869514	0.3613233566	4.1997451782
3425.7899441719	0.3609930873	4.1997451782
3426.7900013924	0.3604247272	4.1997451782
3427.7900586128	0.3601101041	4.1997451782
3428.7901158333	0.3596711159	4.1997451782
3429.7901730537	0.3591916263	4.1997451782
3430.7892303467	0.3587337136	4.1997451782
3431.7892870903	0.3582222462	4.1997451782
3432.7893443108	0.3578123152	4.1997451782
3433.7894015312	0.3575431705	4.1997451782
3434.7894587517	0.3570509255	4.1997451782
3435.7895159721	0.3564116955	4.1997451782
3436.7895731926	0.3562274277	4.1997451782
3437.7896304131	0.3557660580	4.1997451782
3438.7896876335	0.3552944362	4.1997451782
3439.7897448540	0.3549564779	4.1997451782
3440.7898020744	0.3545418680	4.1997451782
3441.7898592949	0.3540042341	4.1997451782
3442.7899165154	0.3535614014	4.1997451782
3443.7899737358	0.3533221781	4.1997451782
3444.7900309563	0.3528905511	4.1997451782
3445.7900881767	0.3523188829	4.1997451782
3446.7901453972	0.3518832922	4.1997451782
3447.7892026901	0.3515633345	4.1997451782
3448.7892599106	0.3510519266	4.1997451782
3449.7893171310	0.3506382704	4.1997451782
3450.7893743515	0.3501952291	4.1997451782
3451.7894310951	0.3497995436	4.1997451782
3452.7894883156	0.3493402600	4.1997451782
3453.7895455360	0.3488909900	4.1997451782
3454.7896027565	0.3483628333	4.1997451782
3455.7896599770	0.3479700089	4.1997451782
3456.7897171974	0.3477551639	4.1997451782
3457.7897744179	0.3474476635	4.1997451782
3458.7898316383	0.3469007313	4.1997451782
3459.7898888588	0.3464662433	4.1997451782
3460.7899460793	0.3459409177	4.1997451782
3461.7900032997	0.3456736207	4.1997451782
3462.7900605202	0.3452115059	4.1997451782
3463.7901177406	0.3447166681	4.1997451782
3464.7901749611	0.3443148434	4.1997451782
3465.7892322540	0.3438131809	4.1997451782
3466.7892894745	0.3433960080	4.1997451782
3467.7893466949	0.3429175615	4.1997451782
3468.7894039154	0.3426260352	4.1997451782
3469.7894611359	0.3422914147	4.1997451782
3470.7895183563	0.3417915106	4.1997451782
3471.7895750999	0.3413717747	4.1997451782
3472.7896323204	0.3410863578	4.1997451782
3473.7896895409	0.3406598568	4.1997451782
3474.7897467613	0.3401484191	4.1997451782
3475.7898039818	0.3398072720	4.1997451782
3476.7898612022	0.3392068446	4.1997451782
3477.7899184227	0.3388773203	4.1997451782
3478.7899756432	0.3383657038	4.1997451782
3479.7900328636	0.3380670846	4.1997451782
3480.7900900841	0.3375806212	4.1997451782
3481.7901473045	0.3371719420	4.1997451782
3482.7892045975	0.3367640972	4.1997451782
3483.7892618179	0.3364444375	4.1997451782
3484.7893190384	0.3359789252	4.1997451782
3485.7893762589	0.3356085122	4.1997451782
3486.7894334793	0.3352350891	4.1997451782
3487.7894906998	0.3348012567	4.1997451782
3488.7895479202	0.3342385888	4.1997451782
3489.7896051407	0.3339331150	4.1997451782
3490.7896618843	0.3335272074	4.1997451782
3491.7897191048	0.3330932856	4.1997451782
3492.7897763252	0.3328122199	4.1997451782
3493.7898335457	0.3323934674	4.1997451782
3494.7898907661	0.3319215775	4.1997451782
3495.7899479866	0.3315550685	4.1997451782
3496.7900052071	0.3311712146	4.1997451782
3497.7900624275	0.3308075368	4.1997451782
3498.7901196480	0.3303058147	4.1997451782
3499.7901768684	0.3299669325	4.1997451782
3500.7892341614	0.3295248747	4.1997451782
3501.7892909050	0.3291597366	4.1997451782
3502.7893486023	0.3287257850	4.1997451782
3503.7894053459	0.3283594549	4.1997451782
3504.7894630432	0.3279612660	4.1997451782
3505.7895197868	0.3276343644	4.1997451782
3506.7895774841	0.3271445632	4.1997451782
3507.7896342278	0.3267904520	4.1997451782
3508.7896919250	0.3263843656	4.1997451782
3509.7897486687	0.3260539472	4.1997451782
3510.7898058891	0.3255543709	4.1997451782
3511.7898631096	0.3252788186	4.1997451782
3512.7899203300	0.3249891400	4.1997451782
3513.7899775505	0.3245289028	4.1997451782
3514.7900347710	0.3238706589	4.1997451782
3515.7900915146	0.3236235976	4.1997451782
3516.7901492119	0.3231903911	4.1997451782
3517.7892060280	0.3227348924	4.1997451782
3518.7892637253	0.3224785030	4.1997451782
3519.7893204689	0.3221832216	4.1997451782
3520.7893781662	0.3217230439	4.1997451782
3521.7894349098	0.3214168549	4.1997451782
3522.7894926071	0.3208536208	4.1997451782
3523.7895493507	0.3204527199	4.1997451782
3524.7896070480	0.3202013373	4.1997451782
3525.7896637917	0.3197677732	4.1997451782
3526.7897214890	0.3194357157	4.1997451782
3527.7897782326	0.3191039562	4.1997451782
3528.7898359299	0.3187191188	4.1997451782
3529.7898926735	0.3182516694	4.1997451782
3530.7899498940	0.3179119527	4.1997451782
3531.7900071144	0.3175782561	4.1997451782
3532.7900643349	0.3172457814	4.1997451782
3533.7901215553	0.3168342710	4.1997451782
3534.7901787758	0.3163404763	4.1997451782
3535.7892355919	0.3158648908	4.1997451782
3536.7892928123	0.3156168461	4.1997451782
3537.7893500328	0.3153474331	4.1997451782
3538.7894072533	0.3148370087	4.1997451782
3539.7894644737	0.3144583702	4.1997451782
3540.7895216942	0.3141030669	4.1997451782
3541.7895789146	0.3136885166	4.1997451782
3542.7896361351	0.3131126761	4.1997451782
3543.7896933556	0.3130221367	4.1997451782
3544.7897505760	0.3126472235	4.1997451782
3545.7898077965	0.3122357130	4.1997451782
3546.7898650169	0.3118139207	4.1997451782
3547.7899222374	0.3114348948	4.1997451782
3548.7899794579	0.3110644519	4.1997451782
3549.7900366783	0.3105956912	4.1997451782
3550.7900938988	0.3104095459	4.1997451782
3551.7901511192	0.3100457788	4.1997451782
3552.7892079353	0.3095962107	4.1997451782
3553.7892651558	0.3092513084	4.1997451782
3554.7893223763	0.3089199364	4.1997451782
3555.7893795967	0.3083474338	4.1997451782
3556.7894368172	0.3080951869	4.1997451782
3557.7894940376	0.3077897429	4.1997451782
3558.7895512581	0.3074111938	4.1997451782
3559.7896084785	0.3068226874	4.1997451782
3560.7896656990	0.3064651787	4.1997451782
3561.7897229195	0.3062445521	4.1997451782
3562.7897801399	0.3058225513	4.1997451782
3563.7898373604	0.3055311441	4.1997451782
3564.7898945808	0.3052068353	4.1997451782
3565.7899518013	0.3048010170	4.1997451782
3566.7900090218	0.3045121431	4.1997451782
3567.7900662422	0.3041805923	4.1997451782
3568.7901234627	0.3038433492	4.1997451782
3569.7901806831	0.3033196926	4.1997451782
3570.7892374992	0.3031707704	4.1997451782
3571.7892947197	0.3027375340	4.1997451782
3572.7893519402	0.3023455143	4.1997451782
3573.7894091606	0.3020227253	4.1997451782
3574.7894663811	0.3016897738	4.1997451782
3575.7895236015	0.3012177050	4.1997451782
3576.7895808220	0.3009770215	4.1997451782
3577.7896380424	0.3006173670	4.1997451782
3578.7896952629	0.3002230823	4.1997451782
3579.7897524834	0.2998352349	4.1997451782
3580.7898097038	0.2994892001	4.1997451782
3581.7898669243	0.2992152870	4.1997451782
3582.7899241447	0.2988812029	4.1997451782
3583.7899813652	0.2984341383	4.1997451782
3584.7900385857	0.2981223464	4.1997451782
3585.7900958061	0.2978102267	4.1997451782
3586.7901530266	0.2973813117	4.1997451782
3587.7892103195	0.2971015871	4.1997451782
3588.7892675400	0.2964911461	4.1997451782
3589.7893242836	0.2963080704	4.1997451782
3590.7893815041	0.2959051728	4.1997451782
3591.7894387245	0.2956537604	4.1997451782
3592.7894959450	0.2951595485	4.1997451782
3593.7895531654	0.2948249578	4.1997451782
3594.7896103859	0.2944255173	4.1997451782
3595.7896676064	0.2940820754	4.1997451782
3596.7897248268	0.2937447727	4.1997451782
3597.7897820473	0.2932965159	4.1997451782
3598.7898392677	0.2930011451	4.1997451782
3599.7898964882	0.2927379906	4.1997451782
3600.7899537086	0.2922469676	4.1997451782
3601.7900109291	0.2921213210	4.1997451782
3602.7900681496	0.2916749716	4.1997451782
3603.7901253700	0.2913223505	4.1997451782
3604.7901825905	0.2910679579	4.1997451782
3605.7892398834	0.2906706631	4.1997451782
3606.7892971039	0.2903513014	4.1997451782
3607.7893543243	0.2900085747	4.1997451782
3608.7894115448	0.2896330953	4.1997451782
3609.7894682884	0.2893089950	4.1997451782
3610.7895255089	0.2889301479	4.1997451782
3611.7895827293	0.2886720002	4.1997451782
3612.7896399498	0.2883245945	4.1997451782
3613.7896971703	0.2878508568	4.1997451782
3614.7897543907	0.2876493633	4.1997451782
3615.7898116112	0.2873228490	4.1997451782
3616.7898688316	0.2870698869	4.1997451782
3617.7899260521	0.2866689265	4.1997451782
3618.7899832726	0.2863003910	4.1997451782
3619.7900404930	0.2860892415	4.1997451782
3620.7900977135	0.2856591344	4.1997451782
3621.7901549339	0.2853523791	4.1997451782
3622.7892117500	0.2848891914	4.1997451782
3623.7892694473	0.2846404016	4.1997451782
3624.7893261909	0.2842869163	4.1997451782
3625.7893838882	0.2839361131	4.1997451782
3626.7894406319	0.2837364078	4.1997451782
3627.7894983292	0.2832896113	4.1997451782
3628.7895550728	0.2829340100	4.1997451782
3629.7896122932	0.2826251686	4.1997451782
3630.7896695137	0.2823514044	4.1997451782
3631.7897267342	0.2819397449	4.1997451782
3632.7897839546	0.2814132869	4.1997451782
3633.7898411751	0.2812524140	4.1997451782
3634.7898979187	0.2808438838	4.1997451782
3635.7899556160	0.2803463042	4.1997451782
3636.7900123596	0.2801640034	4.1997451782
3637.7900700569	0.2798379362	4.1997451782
3638.7901268005	0.2795149982	4.1997451782
3639.7901844978	0.2790826857	4.1997451782
3640.7892413139	0.2788725495	4.1997451782
3641.7892990112	0.2783533335	4.1997451782
3642.7893557549	0.2781998515	4.1997451782
3643.7894134521	0.2778081298	4.1997451782
3644.7894701958	0.2775987387	4.1997451782
3645.7895278931	0.2770455480	4.1997451782
3646.7895846367	0.2768415213	4.1997451782
3647.7896423340	0.2766346335	4.1997451782
3648.7896990776	0.2762848735	4.1997451782
3649.7897562981	0.2757792175	4.1997451782
3650.7898135185	0.2757251263	4.1997451782
3651.7898707390	0.2754849494	4.1997451782
3652.7899274826	0.2751033604	4.1997451782
3653.7899851799	0.2748029530	4.1997451782
3654.7900419235	0.2744154036	4.1997451782
3655.7900996208	0.2739366293	4.1997451782
3656.7901563644	0.2736852765	4.1997451782
3657.7892136574	0.2735296190	4.1997451782
3658.7892708778	0.2731353939	4.1997451782
3659.7893280983	0.2727081478	4.1997451782
3660.7893853188	0.2725470364	4.1997451782
3661.7894425392	0.2722809017	4.1997451782
3662.7894997597	0.2719162107	4.1997451782
3663.7895569801	0.2716222405	4.1997451782
3664.7896142006	0.2711631954	4.1997451782
3665.7896714211	0.2709224820	4.1997451782
3666.7897286415	0.2705975771	4.1997451782
3667.7897858620	0.2703341842	4.1997451782
3668.7898430824	0.2698255777	4.1997451782
3669.7899003029	0.2696089149	4.1997451782
3670.7899575233	0.2692926526	4.1997451782
3671.7900147438	0.2688944638	4.1997451782
3672.7900714874	0.2685946226	4.1997451782
3673.7901287079	0.2682867050	4.1997451782
3674.7901859283	0.2678521872	4.1997451782
3675.7892432213	0.2676541805	4.1997451782
3676.7893004417	0.2674519420	4.1997451782
3677.7893576622	0.2670627534	4.1997451782
3678.7894148827	0.2667416930	4.1997451782
3679.7894721031	0.2664218843	4.1997451782
3680.7895293236	0.2661363184	4.1997451782
3681.7895865440	0.2657179236	4.1997451782
3682.7896437645	0.2654295266	4.1997451782
3683.7897009850	0.2650999427	4.1997451782
3684.7897582054	0.2647442520	4.1997451782
3685.7898154259	0.2646240592	4.1997451782
3686.7898726463	0.2642830610	4.1997451782
3687.7899298668	0.2639527023	4.1997451782
3688.7899870872	0.2635231614	4.1997451782
3689.7900443077	0.2632592618	4.1997451782
3690.7901015282	0.2630608082	4.1997451782
3691.7901587486	0.2626069784	4.1997451782
3692.7892155647	0.2625094354	4.1997451782
3693.7892727852	0.2620854378	4.1997451782
3694.7893300056	0.2618586123	4.1997451782
3695.7893872261	0.2615749240	4.1997451782
3696.7894444466	0.2612926960	4.1997451782
3697.7895016670	0.2607728839	4.1997451782
3698.7895588875	0.2605896592	4.1997451782
3699.7896161079	0.2604018748	4.1997451782
3700.7896733284	0.2600803673	4.1997451782
3701.7897305489	0.2596483231	4.1997451782
3702.7897877693	0.2595375478	4.1997451782
3703.7898449898	0.2591251135	4.1997451782
3704.7899022102	0.2588091195	4.1997451782
3705.7899594307	0.2582862973	4.1997451782
3706.7900166512	0.2583357692	4.1997451782
3707.7900738716	0.2579976320	4.1997451782
3708.7901310921	0.2577114105	4.1997451782
3709.7891879082	0.2574055195	4.1997451782
3710.7892451286	0.2569330037	4.1997451782
3711.7893023491	0.2566542327	4.1997451782
3712.7893595695	0.2563398778	4.1997451782
3713.7894167900	0.2561533153	4.1997451782
3714.7894740105	0.2559503317	4.1997451782
3715.7895312309	0.2556266487	4.1997451782
3716.7895884514	0.2551792264	4.1997451782
3717.7896456718	0.2550703585	4.1997451782
3718.7897028923	0.2548027039	4.1997451782
3719.7897601128	0.2544452250	4.1997451782
3720.7898173332	0.2540644705	4.1997451782
3721.7898745537	0.2537993491	4.1997451782
3722.7899317741	0.2535301149	4.1997451782
3723.7899889946	0.2532294691	4.1997451782
3724.7900462151	0.2530280054	4.1997451782
3725.7901034355	0.2527090609	4.1997451782
3726.7901606560	0.2524107695	4.1997451782
3727.7892179489	0.2520922124	4.1997451782
3728.7892746925	0.2518888712	4.1997451782
3729.7893319130	0.2515965104	4.1997451782
3730.7893891335	0.2512813807	4.1997451782
3731.7894463539	0.2509213686	4.1997451782
3732.7895035744	0.2506814003	4.1997451782
3733.7895607948	0.2505335212	4.1997451782
3734.7896180153	0.2501659691	4.1997451782
3735.7896752357	0.2498296052	4.1997451782
3736.7897324562	0.2495016009	4.1997451782
3737.7897896767	0.2491509020	4.1997451782
3738.7898468971	0.2489669174	4.1997451782
3739.7899041176	0.2485244721	4.1997451782
3740.7899613380	0.2482250929	4.1997451782
3741.7900185585	0.2480046451	4.1997451782
3742.7900757790	0.2478087693	4.1997451782
3743.7901329994	0.2474246174	4.1997451782
3744.7891902924	0.2471014410	4.1997451782
3745.7892470360	0.2467904091	4.1997451782
3746.7893047333	0.2464541048	4.1997451782
3747.7893614769	0.2463040501	4.1997451782
3748.7894186974	0.2460894734	4.1997451782
3749.7894759178	0.2458724380	4.1997451782
3750.7895331383	0.2454042435	4.1997451782
3751.7895903587	0.2451694757	4.1997451782
3752.7896475792	0.2449947745	4.1997451782
3753.7897043228	0.2447388619	4.1997451782
3754.7897620201	0.2444707602	4.1997451782
3755.7898187637	0.2442417741	4.1997451782
3756.7898764610	0.2438843250	4.1997451782
3757.7899332047	0.2434753329	4.1997451782
3758.7899909019	0.2432345897	4.1997451782
3759.7900476456	0.2431910187	4.1997451782
3760.7901053429	0.2427455485	4.1997451782
3761.7901620865	0.2425826192	4.1997451782
3762.7892198563	0.2423107326	4.1997451782
3763.7892765999	0.2418989986	4.1997451782
3764.7893342972	0.2415800244	4.1997451782
3765.7893910408	0.2412920147	4.1997451782
3766.7894487381	0.2411603183	4.1997451782
3767.7895054817	0.2407834828	4.1997451782
3768.7895627022	0.2406438887	4.1997451782
3769.7896199226	0.2403478026	4.1997451782
3770.7896771431	0.2399920374	4.1997451782
3771.7897338867	0.2398028523	4.1997451782
3772.7897915840	0.2392601967	4.1997451782
3773.7898483276	0.2390588075	4.1997451782
3774.7899060249	0.2387925982	4.1997451782
3775.7899627686	0.2386058569	4.1997451782
3776.7900204659	0.2381701469	4.1997451782
3777.7900772095	0.2380460203	4.1997451782
3778.7901349068	0.2377465367	4.1997451782
3779.7891917229	0.2376006395	4.1997451782
3780.7892489433	0.2372550219	4.1997451782
3781.7893061638	0.2370893210	4.1997451782
3782.7893633842	0.2367654890	4.1997451782
3783.7894206047	0.2364770770	4.1997451782
3784.7894778252	0.2362993062	4.1997451782
3785.7895350456	0.2358763814	4.1997451782
3786.7895922661	0.2355711311	4.1997451782
3787.7896494865	0.2354068011	4.1997451782
3788.7897067070	0.2351051867	4.1997451782
3789.7897639275	0.2348687351	4.1997451782
3790.7898211479	0.2345197499	4.1997451782
3791.7898778915	0.2343030572	4.1997451782
3792.7899351120	0.2339524180	4.1997451782
3793.7899923325	0.2336356193	4.1997451782
3794.7900495529	0.2333234549	4.1997451782
3795.7901067734	0.2331203520	4.1997451782
3796.7901639938	0.2329883724	4.1997451782
3797.7892212868	0.2325125188	4.1997451782
3798.7892785072	0.2323521227	4.1997451782
3799.7893357277	0.2320560366	4.1997451782
3800.7893929482	0.2317607850	4.1997451782
3801.7894501686	0.2315801233	4.1997451782
3802.7895073891	0.2312100381	4.1997451782
3803.7895646095	0.2309904993	4.1997451782
3804.7896218300	0.2306857109	4.1997451782
3805.7896790504	0.2304167897	4.1997451782
3806.7897362709	0.2302158922	4.1997451782
3807.7897934914	0.2300627232	4.1997451782
3808.7898507118	0.2296113372	4.1997451782
3809.7899079323	0.2293824852	4.1997451782
3810.7899651527	0.2291158289	4.1997451782
3811.7900218964	0.2288322002	4.1997451782
3812.7900791168	0.2285846621	4.1997451782
3813.7901363373	0.2283278406	4.1997451782
3814.7891936302	0.2279889733	4.1997451782
3815.7892508507	0.2278562337	4.1997451782
3816.7893080711	0.2276095003	4.1997451782
3817.7893652916	0.2273497880	4.1997451782
3818.7894225121	0.2270811498	4.1997451782
3819.7894797325	0.2268853188	4.1997451782
3820.7895369530	0.2264543176	4.1997451782
3821.7895941734	0.2262170464	4.1997451782
3822.7896513939	0.2259627581	4.1997451782
3823.7897086143	0.2258223593	4.1997451782
3824.7897658348	0.2254602015	4.1997451782
3825.7898230553	0.2251844257	4.1997451782
3826.7898802757	0.2250638306	4.1997451782
3827.7899374962	0.2247621864	4.1997451782
3828.7899947166	0.2242956012	4.1997451782
3829.7900519371	0.2243217230	4.1997451782
3830.7901091576	0.2239246666	4.1997451782
3831.7901659012	0.2237139046	4.1997451782
3832.7892231941	0.2234585285	4.1997451782
3833.7892804146	0.2231412083	4.1997451782
3834.7893376350	0.2230167836	4.1997451782
3835.7893948555	0.2226606011	4.1997451782
3836.7894520760	0.2224375904	4.1997451782
3837.7895092964	0.2221293002	4.1997451782
3838.7895665169	0.2219381034	4.1997451782
3839.7896237373	0.2215958536	4.1997451782
3840.7896809578	0.2213699669	4.1997451782
3841.7897381783	0.2212997675	4.1997451782
3842.7897953987	0.2209799439	4.1997451782
3843.7898526192	0.2206871659	4.1997451782
3844.7899098396	0.2202628553	4.1997451782
3845.7899670601	0.2201570421	4.1997451782
3846.7900242805	0.2198161781	4.1997451782
3847.7900815010	0.2197103500	4.1997451782
3848.7901387215	0.2194921225	4.1997451782
3849.7891955376	0.2192666531	4.1997451782
3850.7892527580	0.2190111578	4.1997451782
3851.7893099785	0.2187454849	4.1997451782
3852.7893671989	0.2184066474	4.1997451782
3853.7894244194	0.2181706876	4.1997451782
3854.7894816399	0.2178275585	4.1997451782
3855.7895388603	0.2177462727	4.1997451782
3856.7895960808	0.2174992263	4.1997451782
3857.7896533012	0.2172389925	4.1997451782
3858.7897105217	0.2169764787	4.1997451782
3859.7897677422	0.2167229950	4.1997451782
3860.7898249626	0.2166367173	4.1997451782
3861.7898821831	0.2163663357	4.1997451782
3862.7899394035	0.2160605043	4.1997451782
3863.7899966240	0.2159128785	4.1997451782
3864.7900538445	0.2156544328	4.1997451782
3865.7901110649	0.2153426707	4.1997451782
3866.7901682854	0.2150558531	4.1997451782
3867.7892251015	0.2148426622	4.1997451782
3868.7892823219	0.2144766450	4.1997451782
3869.7893395424	0.2141894996	4.1997451782
3870.7893962860	0.2139529884	4.1997451782
3871.7894539833	0.2137672603	4.1997451782
3872.7895107269	0.2135277987	4.1997451782
3873.7895684242	0.2133328319	4.1997451782
3874.7896251678	0.2130887210	4.1997451782
3875.7896828651	0.2128226459	4.1997451782
3876.7897396088	0.2125323266	4.1997451782
3877.7897973061	0.2123674154	4.1997451782
3878.7898540497	0.2120891511	4.1997451782
3879.7899117470	0.2116787732	4.1997451782
3880.7899684906	0.2117383182	4.1997451782
3881.7900261879	0.2115061879	4.1997451782
3882.7900829315	0.2111990154	4.1997451782
3883.7901406288	0.2109232545	4.1997451782
3884.7891974449	0.2107247263	4.1997451782
3885.7892551422	0.2105035782	4.1997451782
3886.7893118858	0.2102134079	4.1997451782
3887.7893691063	0.2100906819	4.1997451782
3888.7894263268	0.2097066790	4.1997451782
3889.7894835472	0.2094716728	4.1997451782
3890.7895402908	0.2091862410	4.1997451782
3891.7895979881	0.2090268284	4.1997451782
3892.7896547318	0.2089079022	4.1997451782
3893.7897124290	0.2087091208	4.1997451782
3894.7897691727	0.2083595693	4.1997451782
3895.7898268700	0.2081778198	4.1997451782
3896.7898836136	0.2078690082	4.1997451782
3897.7899413109	0.2077530921	4.1997451782
3898.7899980545	0.2075932622	4.1997451782
3899.7900557518	0.2071688473	4.1997451782
3900.7901124954	0.2069150656	4.1997451782
3901.7901701927	0.2066951245	4.1997451782
3902.7892270088	0.2065085918	4.1997451782
3903.7892842293	0.2063253969	4.1997451782
3904.7893414497	0.2059843987	4.1997451782
3905.7893986702	0.2058194429	4.1997451782
3906.7894558907	0.2057656646	4.1997451782
3907.7895131111	0.2054890543	4.1997451782
3908.7895703316	0.2053087801	4.1997451782
3909.7896275520	0.2050326467	4.1997451782
3910.7896842957	0.2047668844	4.1997451782
3911.7897415161	0.2044252604	4.1997451782
3912.7897987366	0.2042035162	4.1997451782
3913.7898559570	0.2039435208	4.1997451782
3914.7899131775	0.2038053572	4.1997451782
3915.7899703979	0.2036696225	4.1997451782
3916.7900276184	0.2033274174	4.1997451782
3917.7900848389	0.2031645179	4.1997451782
3918.7901420593	0.2031150460	4.1997451782
3919.7891993523	0.2028083056	4.1997451782
3920.7892565727	0.2025088519	4.1997451782
3921.7893137932	0.2021437883	4.1997451782
3922.7893710136	0.2020172030	4.1997451782
3923.7894282341	0.2017305046	4.1997451782
3924.7894854546	0.2015633881	4.1997451782
3925.7895426750	0.2012989372	4.1997451782
3926.7895998955	0.2010163814	4.1997451782
3927.7896571159	0.2008022964	4.1997451782
3928.7897143364	0.2007076144	4.1997451782
3929.7897715569	0.2004338950	4.1997451782
3930.7898283005	0.2002363801	4.1997451782
3931.7898855209	0.2000404447	4.1997451782
3932.7899427414	0.1998437941	4.1997451782
