0.4360251427	1.0001286268	3.5143811703
1.4360823631	1.0001294613	3.5400817394
2.4361395836	1.0001320839	3.5540933609
3.4361968040	1.0001283884	3.5653035641
4.4362540245	1.0001387596	3.5749032497
5.4363112450	1.0001329184	3.5834259987
6.4363679886	1.0001335144	3.5910854340
7.4364252090	1.0001391172	3.5980689526
8.4364824295	1.0001351833	3.6044971943
9.4365396500	1.0001351833	3.6104223728
10.4365968704	1.0001349449	3.6158998013
11.4366540909	1.0001312494	3.6210033894
12.4367113113	1.0001412630	3.6257545948
13.4357686043	1.0001368523	3.6301758289
14.4358258247	1.0001369715	3.6343142986
15.4358830452	1.0001332760	3.6381955147
16.4359402657	1.0001351833	3.6418380737
17.4359974861	1.0001335144	3.6452844143
18.4360547066	1.0001319647	3.6485285759
19.4361119270	1.0001319647	3.6516311169
20.4361691475	1.0001362562	3.6545917988
21.4362263680	1.0001338720	3.6574087143
22.4362835884	1.0001316071	3.6601226330
23.4363408089	1.0001330376	3.6627390385
24.4363980293	1.0001329184	3.6652929783
25.4364552498	1.0001369715	3.6677188873
26.4365119934	1.0001298189	3.6701025963
27.4365692139	1.0001327991	3.6724200249
28.4366264343	1.0001317263	3.6746680737
29.4366836548	1.0001410246	3.6768627167
30.4357404709	1.0001411438	3.6790163517
31.4357981682	1.0001363754	3.6811046600
32.4358549118	1.0001385212	3.6831586361
33.4359126091	1.0001375675	3.6851725578
34.4359693527	1.0001403093	3.6871707439
35.4360270500	1.0001378059	3.6890900135
36.4360837936	1.0001351833	3.6909976006
37.4361414909	1.0001342297	3.6928851604
38.4361982346	1.0001399517	3.6947298050
39.4362559319	1.0001355410	3.6965386868
40.4363126755	1.0001374483	3.6983499527
41.4363703728	1.0001360178	3.7001023293
42.4364271164	1.0001380444	3.7018468380
43.4364848137	1.0001376867	3.7035627365
44.4365415573	1.0001398325	3.7052507401
45.4365992546	1.0001364946	3.7069137096
46.4366559982	1.0001384020	3.7085590363
47.4367132187	1.0001369715	3.7101931572
48.4357700348	1.0001349449	3.7117896080
49.4358272552	1.0001337528	3.7133865356
50.4358844757	1.0001372099	3.7149581909
51.4359416962	1.0001318455	3.7164998055
52.4359989166	1.0001353025	3.7180311680
53.4360561371	1.0001369715	3.7195537090
54.4361133575	1.0001405478	3.7210369110
55.4361705780	1.0001385212	3.7225170135
56.4362277985	1.0001358986	3.7239823341
57.4362850189	1.0001374483	3.7254345417
58.4363422394	1.0001389980	3.7268624306
59.4363994598	1.0001317263	3.7282729149
60.4364566803	1.0001395941	3.7296793461
61.4365139008	1.0001385212	3.7310755253
62.4365711212	1.0001401901	3.7324435711
63.4366283417	1.0001407862	3.7338035107
64.4366855621	1.0001338720	3.7351408005
65.4357428551	1.0001385212	3.7364692688
66.4357995987	1.0001327991	3.7378010750
67.4358568192	1.0001353025	3.7390975952
68.4359140396	1.0001327991	3.7403967381
69.4359712601	1.0001319647	3.7416732311
70.4360284805	1.0001332760	3.7429373264
71.4360857010	1.0001350641	3.7441899776
72.4361429214	1.0001403093	3.7454283237
73.4362001419	1.0001367331	3.7466480732
74.4362573624	1.0001347065	3.7478761673
75.4363145828	1.0001342297	3.7490725517
76.4363718033	1.0001326799	3.7502553463
77.4364290237	1.0001333952	3.7514293194
78.4364862442	1.0001343489	3.7525880337
79.4365434647	1.0001386404	3.7537441254
80.4366006851	1.0001369715	3.7548928261
81.4366579056	1.0001332760	3.7560472488
82.4367151260	1.0001317263	3.7571604252
83.4357724190	1.0001373291	3.7582595348
84.4358296394	1.0001375675	3.7593667507
85.4358863831	1.0001385212	3.7604603767
86.4359436035	1.0001356602	3.7615418434
87.4360008240	1.0001354218	3.7626121044
88.4360580444	1.0001348257	3.7636642456
89.4361152649	1.0001420975	3.7647228241
90.4361724854	1.0001324415	3.7657568455
91.4362297058	1.0001333952	3.7667663097
92.4362869263	1.0001379251	3.7677989006
93.4363441467	1.0001310110	3.7688050270
94.4364013672	1.0001384020	3.7698085308
95.4364585876	1.0001397133	3.7708299160
96.4365158081	1.0001403093	3.7717912197
97.4365730286	1.0001364946	3.7727620602
98.4366302490	1.0001342297	3.7737400532
99.4366874695	1.0001358986	3.7746825218
100.4357447624	1.0001385212	3.7756450176
101.4358019829	1.0001404285	3.7765874863
102.4358592033	1.0001385212	3.7774915695
103.4359164238	1.0001323223	3.7784085274
104.4359736443	1.0001438856	3.7793169022
105.4360303879	1.0001388788	3.7802209854
106.4360876083	1.0001376867	3.7811198235
107.4361448288	1.0001345873	3.7819936275
108.4362020493	1.0001363754	3.7828755379
109.4362592697	1.0001376867	3.7837471962
110.4363164902	1.0001393557	3.7846093178
111.4363737106	1.0001338720	3.7854366302
112.4364309311	1.0001373291	3.7862877846
113.4364881516	1.0001350641	3.7871332169
114.4365453720	1.0001401901	3.7879481316
115.4366025925	1.0001407862	3.7887969017
116.4366598129	1.0001295805	3.7896089554
117.4367170334	1.0001307726	3.7903947830
118.4357743263	1.0001392365	3.7911841869
119.4358315468	1.0001369715	3.7919797897
120.4358887672	1.0001380444	3.7927768230
121.4359459877	1.0001311302	3.7935581207
122.4360032082	1.0001337528	3.7943253517
123.4360604286	1.0001336336	3.7951092720
124.4361176491	1.0001440048	3.7958619595
125.4361743927	1.0001342297	3.7966077328
126.4362316132	1.0001326799	3.7973639965
127.4362888336	1.0001398325	3.7981035709
128.4363460541	1.0001368523	3.7988369465
129.4364032745	1.0001424551	3.7995939255
130.4364604950	1.0001434088	3.8003265858
131.4365177155	1.0001337528	3.8010282516
132.4365749359	1.0001387596	3.8017485142
133.4366321564	1.0001442432	3.8024730682
134.4366893768	1.0001376867	3.8031678200
135.4357466698	1.0001389980	3.8038682938
136.4358038902	1.0001372099	3.8045527935
137.4358611107	1.0001420975	3.8052527905
138.4359183311	1.0001457930	3.8059391975
139.4359755516	1.0001411438	3.8066194057
140.4360327721	1.0001394749	3.8072857857
141.4360899925	1.0001422167	3.8079485893
142.4361472130	1.0001424551	3.8086061478
143.4362044334	1.0001490116	3.8092935085
144.4362616539	1.0001486540	3.8099560738
145.4363183975	1.0001460314	3.8106036186
146.4363756180	1.0001425743	3.8112528324
147.4364328384	1.0001382828	3.8119080067
148.4364900589	1.0001403093	3.8125512600
149.4365472794	1.0001475811	3.8131816387
150.4366044998	1.0001380444	3.8138284683
151.4366617203	1.0001369715	3.8144674301
152.4367189407	1.0001389980	3.8150746822
153.4357757568	1.0001375675	3.8157031536
154.4358334541	1.0001429319	3.8163411617
155.4358901978	1.0001388788	3.8169529438
156.4359478951	1.0001367331	3.8175640106
157.4360046387	1.0001466274	3.8181838989
158.4360623360	1.0001434088	3.8187897205
159.4361190796	1.0001318455	3.8193993568
160.4361767769	1.0001367331	3.8199954033
161.4362335205	1.0001405478	3.8206024170
162.4362912178	1.0001324415	3.8211808205
163.4363479614	1.0001469851	3.8218007088
164.4364051819	1.0001405478	3.8223760128
165.4364624023	1.0001370907	3.8229672909
166.4365196228	1.0001419783	3.8235683441
167.4365768433	1.0001415014	3.8241519928
168.4366340637	1.0001358986	3.8247313499
169.4366908073	1.0001471043	3.8253266811
170.4357481003	1.0001411438	3.8258850574
171.4358053207	1.0001382828	3.8264570236
172.4358625412	1.0001412630	3.8270273209
173.4359197617	1.0001419783	3.8276119232
174.4359769821	1.0001357794	3.8281443119
175.4360342026	1.0001403093	3.8287107944
176.4360914230	1.0001413822	3.8292579651
177.4361486435	1.0001411438	3.8298249245
178.4362058640	1.0001428127	3.8303873539
179.4362630844	1.0001410246	3.8309242725
180.4363203049	1.0001406670	3.8314836025
181.4363775253	1.0001403093	3.8320295811
182.4364347458	1.0001429319	3.8325769901
183.4364919662	1.0001443624	3.8331236839
184.4365491867	1.0001341105	3.8336741924
185.4366064072	1.0001320839	3.8341917992
186.4366636276	1.0001375675	3.8347294331
187.4367208481	1.0001373291	3.8352675438
188.4357776642	1.0001399517	3.8358128071
189.4358348846	1.0001398325	3.8363418579
190.4358921051	1.0001385212	3.8368837833
191.4359493256	1.0001319647	3.8374083042
192.4360065460	1.0001398325	3.8379409313
193.4360637665	1.0001389980	3.8384766579
194.4361209869	1.0001370907	3.8389856815
195.4361782074	1.0001337528	3.8395016193
196.4362354279	1.0001348257	3.8400161266
197.4362926483	1.0001342297	3.8405327797
198.4363498688	1.0001373291	3.8410587311
199.4364070892	1.0001364946	3.8415813446
200.4364643097	1.0001316071	3.8420820236
201.4365215302	1.0001350641	3.8425858021
202.4365787506	1.0001356602	3.8430984020
203.4366359711	1.0001378059	3.8436069489
204.4366931915	1.0001362562	3.8441143036
205.4357500076	1.0001369715	3.8446254730
206.4358072281	1.0001385212	3.8451020718
207.4358644485	1.0001375675	3.8456158638
208.4359216690	1.0001345873	3.8461208344
209.4359788895	1.0001407862	3.8466050625
210.4360361099	1.0001430511	3.8471021652
211.4360933304	1.0001385212	3.8476006985
212.4361505508	1.0001388788	3.8480825424
213.4362077713	1.0001397133	3.8485777378
214.4362649918	1.0001415014	3.8490765095
215.4363222122	1.0001367331	3.8495445251
216.4363794327	1.0001381636	3.8500423431
217.4364366531	1.0001405478	3.8505399227
218.4364938736	1.0001437664	3.8510136604
219.4365510941	1.0001403093	3.8515064716
220.4366083145	1.0001405478	3.8520038128
221.4366655350	1.0001420975	3.8524878025
222.4367227554	1.0001468658	3.8529610634
223.4357800484	1.0001435280	3.8534262180
224.4358367920	1.0001380444	3.8538947105
225.4358940125	1.0001401901	3.8543713093
226.4359512329	1.0001429319	3.8548357487
227.4360084534	1.0001425743	3.8553068638
228.4360656738	1.0001358986	3.8557784557
229.4361228943	1.0001374483	3.8562471867
230.4361801147	1.0001411438	3.8567018509
231.4362373352	1.0001436472	3.8571887016
232.4362945557	1.0001342297	3.8576400280
233.4363517761	1.0001363754	3.8581011295
234.4364089966	1.0001395941	3.8585672379
235.4364662170	1.0001448393	3.8590264320
236.4365234375	1.0001403093	3.8595001698
237.4365806580	1.0001351833	3.8599619865
238.4366378784	1.0001380444	3.8604104519
239.4366950989	1.0001395941	3.8608663082
240.4357523918	1.0001323223	3.8613235950
241.4358096123	1.0001373291	3.8617796898
242.4358668327	1.0001418591	3.8622393608
243.4359240532	1.0001324415	3.8626773357
244.4359807968	1.0001370907	3.8631358147
245.4360380173	1.0001393557	3.8635814190
246.4360952377	1.0001353025	3.8640477657
247.4361524582	1.0001385212	3.8644819260
248.4362096786	1.0001420975	3.8649311066
249.4362668991	1.0001355410	3.8653664589
250.4363241196	1.0001417398	3.8658244610
251.4363813400	1.0001426935	3.8662750721
252.4364385605	1.0001336336	3.8667061329
253.4364957809	1.0001367331	3.8671538830
254.4365530014	1.0001415014	3.8676056862
255.4366102219	1.0001376867	3.8680455685
256.4366674423	1.0001354218	3.8684844971
257.4367246628	1.0001337528	3.8689320087
258.4357819557	1.0001363754	3.8693535328
259.4358391762	1.0001389980	3.8697860241
260.4358963966	1.0001380444	3.8702380657
261.4359536171	1.0001394749	3.8706512451
262.4360108376	1.0001401901	3.8710968494
263.4360675812	1.0001368523	3.8715300560
264.4361248016	1.0001407862	3.8719706535
265.4361820221	1.0001367331	3.8724009991
266.4362392426	1.0001305342	3.8728158474
267.4362964630	1.0001347065	3.8732554913
268.4363536835	1.0001324415	3.8736875057
269.4364109039	1.0001356602	3.8741207123
270.4364681244	1.0001351833	3.8745484352
271.4365253448	1.0001403093	3.8749847412
272.4365825653	1.0001274347	3.8753798008
273.4366397858	1.0001372099	3.8758132458
274.4366970062	1.0001389980	3.8762376308
275.4357542992	1.0001289845	3.8766593933
276.4358110428	1.0001341105	3.8770675659
277.4358687401	1.0001353025	3.8774940968
278.4359254837	1.0001318455	3.8779218197
279.4359831810	1.0001411438	3.8783326149
280.4360399246	1.0001342297	3.8787584305
281.4360976219	1.0001361370	3.8791816235
282.4361543655	1.0001319647	3.8795948029
283.4362115860	1.0001320839	3.8800058365
284.4362688065	1.0001348257	3.8804450035
285.4363260269	1.0001314878	3.8808515072
286.4363832474	1.0001354218	3.8812589645
287.4364404678	1.0001281500	3.8816545010
288.4364972115	1.0001323223	3.8820726871
289.4365549088	1.0001324415	3.8824989796
290.4366116524	1.0001311302	3.8829157352
291.4366693497	1.0001405478	3.8833143711
292.4367260933	1.0001302958	3.8837146759
293.4357833862	1.0001335144	3.8841159344
294.4358406067	1.0001350641	3.8845264912
295.4358978271	1.0001305342	3.8849301338
296.4359550476	1.0001348257	3.8853197098
297.4360122681	1.0001416206	3.8857429028
298.4360694885	1.0001281500	3.8861310482
299.4361267090	1.0001369715	3.8865492344
300.4361839294	1.0001358986	3.8869540691
301.4362411499	1.0001345873	3.8873507977
302.4362983704	1.0001393557	3.8877522945
303.4363555908	1.0001425743	3.8881683350
304.4364128113	1.0001372099	3.8885498047
305.4364700317	1.0001419783	3.8889505863
306.4365272522	1.0001404285	3.8893628120
307.4365839958	1.0001345873	3.8897569180
308.4366412163	1.0001317263	3.8901498318
309.4366984367	1.0001314878	3.8905169964
310.4357557297	1.0001389980	3.8909244537
311.4358129501	1.0001368523	3.8913035393
312.4358701706	1.0001420975	3.8917102814
313.4359273911	1.0001398325	3.8921105862
314.4359846115	1.0001374483	3.8924891949
315.4360418320	1.0001443624	3.8928821087
316.4360990524	1.0001338720	3.8932623863
317.4361562729	1.0001382828	3.8936555386
318.4362134933	1.0001389980	3.8940398693
319.4362707138	1.0001394749	3.8944196701
320.4363279343	1.0001391172	3.8948011398
321.4363851547	1.0001342297	3.8951673508
322.4364423752	1.0001331568	3.8955461979
323.4364995956	1.0001428127	3.8959374428
324.4365568161	1.0001389980	3.8963303566
325.4366140366	1.0001344681	3.8966910839
326.4366707802	1.0001432896	3.8970854282
327.4367280006	1.0001384020	3.8974537849
328.4357852936	1.0001412630	3.8978447914
329.4358425140	1.0001376867	3.8981919289
330.4358997345	1.0001397133	3.8985695839
331.4359569550	1.0001473427	3.8989500999
332.4360141754	1.0001368523	3.8993213177
333.4360713959	1.0001459122	3.8996932507
334.4361286163	1.0001413822	3.9000668526
335.4361858368	1.0001432896	3.9004387856
336.4362430573	1.0001416206	3.9008247852
337.4363002777	1.0001398325	3.9011769295
338.4363574982	1.0001457930	3.9015519619
339.4364147186	1.0001376867	3.9019165039
340.4364719391	1.0001442432	3.9022753239
341.4365291595	1.0001413822	3.9026486874
342.4365863800	1.0001360178	3.9030082226
343.4366436005	1.0001409054	3.9033687115
344.4367008209	1.0001453161	3.9037446976
345.4357576370	1.0001401901	3.9041008949
346.4358148575	1.0001422167	3.9044463634
347.4358720779	1.0001381636	3.9047899246
348.4359292984	1.0001381636	3.9051659107
349.4359865189	1.0001411438	3.9055278301
350.4360437393	1.0001358986	3.9058716297
351.4361009598	1.0001420975	3.9062461853
352.4361581802	1.0001361370	3.9065849781
353.4362154007	1.0001423359	3.9069473743
354.4362726212	1.0001403093	3.9072966576
355.4363298416	1.0001420975	3.9076461792
356.4363870621	1.0001409054	3.9079973698
357.4364442825	1.0001436472	3.9083564281
358.4365015030	1.0001370907	3.9087073803
359.4365587234	1.0001373291	3.9090614319
360.4366159439	1.0001404285	3.9093973637
361.4366731644	1.0001403093	3.9097521305
362.4367303848	1.0001357794	3.9100818634
363.4357872009	1.0001348257	3.9104278088
364.4358444214	1.0001429319	3.9107718468
365.4359016418	1.0001376867	3.9111208916
366.4359588623	1.0001411438	3.9114665985
367.4360160828	1.0001428127	3.9118134975
368.4360733032	1.0001412630	3.9121506214
369.4361305237	1.0001397133	3.9124789238
370.4361877441	1.0001411438	3.9128372669
371.4362449646	1.0001370907	3.9131650925
372.4363021851	1.0001412630	3.9135138988
373.4363594055	1.0001411438	3.9138498306
374.4364166260	1.0001407862	3.9141907692
375.4364738464	1.0001372099	3.9145216942
376.4365310669	1.0001385212	3.9148423672
377.4365882874	1.0001380444	3.9151935577
378.4366455078	1.0001389980	3.9155325890
379.4367027283	1.0001431704	3.9158604145
380.4357600212	1.0001372099	3.9161999226
381.4358172417	1.0001345873	3.9165408611
382.4358739853	1.0001369715	3.9168643951
383.4359312057	1.0001387596	3.9171955585
384.4359884262	1.0001366138	3.9175286293
385.4360456467	1.0001356602	3.9178602695
386.4361028671	1.0001381636	3.9181921482
387.4361600876	1.0001364946	3.9185094833
388.4362173080	1.0001399517	3.9188346863
389.4362745285	1.0001370907	3.9191658497
390.4363317490	1.0001271963	3.9194774628
391.4363889694	1.0001373291	3.9198060036
392.4364461899	1.0001368523	3.9201297760
393.4365034103	1.0001364946	3.9204716682
394.4365606308	1.0001344681	3.9207870960
395.4366178513	1.0001385212	3.9211111069
396.4366750717	1.0001358986	3.9214382172
397.4357318878	1.0001311302	3.9217567444
398.4357895851	1.0001324415	3.9220697880
399.4358463287	1.0001367331	3.9223976135
400.4359040260	1.0001368523	3.9227097034
401.4359607697	1.0001385212	3.9230248928
402.4360179901	1.0001358986	3.9233319759
403.4360752106	1.0001312494	3.9236395359
404.4361324310	1.0001367331	3.9239645004
405.4361896515	1.0001355410	3.9242618084
406.4362468719	1.0001325607	3.9245774746
407.4363036156	1.0001370907	3.9248931408
408.4363613129	1.0001370907	3.9252221584
409.4364180565	1.0001306534	3.9255218506
410.4364757538	1.0001416206	3.9258332253
411.4365324974	1.0001332760	3.9261445999
412.4365901947	1.0001345873	3.9264359474
413.4366469383	1.0001432896	3.9267468452
414.4367046356	1.0001351833	3.9270522594
415.4357614517	1.0001310110	3.9273576736
416.4358186722	1.0001409054	3.9276614189
417.4358758926	1.0001312494	3.9279413223
418.4359331131	1.0001351833	3.9282705784
419.4359903336	1.0001418591	3.9285809994
420.4360475540	1.0001342297	3.9288637638
421.4361047745	1.0001369715	3.9291601181
422.4361619949	1.0001407862	3.9294550419
423.4362192154	1.0001364946	3.9297561646
424.4362764359	1.0001312494	3.9300405979
425.4363331795	1.0001372099	3.9303410053
426.4363903999	1.0001376867	3.9306452274
427.4364476204	1.0001331568	3.9309322834
428.4365048409	1.0001337528	3.9312086105
429.4365620613	1.0001336336	3.9315059185
430.4366192818	1.0001310110	3.9318039417
431.4366765022	1.0001366138	3.9320819378
432.4357337952	1.0001353025	3.9323801994
433.4357910156	1.0001311302	3.9326603413
434.4358482361	1.0001330376	3.9329252243
435.4359054565	1.0001370907	3.9332370758
436.4359626770	1.0001350641	3.9335060120
437.4360198975	1.0001319647	3.9337956905
438.4360771179	1.0001355410	3.9340839386
439.4361343384	1.0001349449	3.9343645573
440.4361915588	1.0001302958	3.9346399307
441.4362487793	1.0001332760	3.9349231720
442.4363059998	1.0001329184	3.9351873398
443.4363632202	1.0001345873	3.9354650974
444.4364204407	1.0001357794	3.9357345104
445.4364771843	1.0001362562	3.9360160828
446.4365344048	1.0001364946	3.9362924099
447.4365916252	1.0001367331	3.9365584850
448.4366488457	1.0001398325	3.9368374348
449.4367060661	1.0001355410	3.9371078014
450.4357633591	1.0001319647	3.9373781681
451.4358205795	1.0001347065	3.9376342297
452.4358778000	1.0001335144	3.9379088879
453.4359350204	1.0001298189	3.9381606579
454.4359922409	1.0001381636	3.9384114742
455.4360494614	1.0001361370	3.9386920929
456.4361066818	1.0001325607	3.9389576912
457.4361639023	1.0001384020	3.9392182827
458.4362211227	1.0001337528	3.9394865036
459.4362783432	1.0001366138	3.9397408962
460.4363355637	1.0001368523	3.9400179386
461.4363927841	1.0001384020	3.9402520657
462.4364500046	1.0001374483	3.9405128956
463.4365072250	1.0001358986	3.9407548904
464.4365644455	1.0001411438	3.9410295486
465.4366211891	1.0001368523	3.9412765503
466.4366784096	1.0001350641	3.9415202141
467.4357357025	1.0001384020	3.9417824745
468.4357929230	1.0001345873	3.9420239925
469.4358501434	1.0001417398	3.9422950745
470.4359073639	1.0001420975	3.9425506592
471.4359645844	1.0001454353	3.9427869320
472.4360218048	1.0001429319	3.9430270195
473.4360790253	1.0001436472	3.9432895184
474.4361362457	1.0001416206	3.9435210228
475.4361934662	1.0001403093	3.9437642097
476.4362506866	1.0001333952	3.9440097809
477.4363079071	1.0001393557	3.9442691803
478.4363651276	1.0001386404	3.9445033073
479.4364223480	1.0001373291	3.9447424412
480.4364795685	1.0001431704	3.9449887276
481.4365367889	1.0001369715	3.9452176094
482.4365940094	1.0001344681	3.9454565048
483.4366512299	1.0001387596	3.9457006454
484.4367084503	1.0001367331	3.9459376335
485.4357652664	1.0001355410	3.9461767673
486.4358224869	1.0001416206	3.9464259148
487.4358797073	1.0001379251	3.9466426373
488.4359369278	1.0001379251	3.9468922615
489.4359941483	1.0001344681	3.9471316338
490.4360513687	1.0001398325	3.9473674297
491.4361085892	1.0001406670	3.9476046562
492.4361658096	1.0001341105	3.9478302002
493.4362230301	1.0001410246	3.9480614662
494.4362802505	1.0001401901	3.9482939243
495.4363374710	1.0001353025	3.9485292435
496.4363946915	1.0001378059	3.9487571716
497.4364519119	1.0001389980	3.9489924908
498.4365091324	1.0001298189	3.9492077827
499.4365663528	1.0001393557	3.9494469166
500.4366235733	1.0001345873	3.9496877193
501.4366807938	1.0001329184	3.9499068260
502.4357376099	1.0001400709	3.9501364231
503.4357948303	1.0001327991	3.9503691196
504.4358520508	1.0001367331	3.9505970478
505.4359092712	1.0001373291	3.9508249760
506.4359664917	1.0001391172	3.9510338306
507.4360237122	1.0001264811	3.9512434006
508.4360809326	1.0001392365	3.9514870644
509.4361381531	1.0001416206	3.9516968727
510.4361953735	1.0001281500	3.9519259930
511.4362525940	1.0001358986	3.9521555901
512.4363098145	1.0001335144	3.9523756504
513.4363670349	1.0001289845	3.9526009560
514.4364242554	1.0001380444	3.9528310299
515.4364814758	1.0001355410	3.9530582428
516.4365386963	1.0001363754	3.9532666206
517.4365959167	1.0001318455	3.9534754753
518.4366531372	1.0001358986	3.9537165165
519.4367103577	1.0001366138	3.9539155960
520.4357671738	1.0001302958	3.9541425705
521.4358243942	1.0001363754	3.9543659687
522.4358816147	1.0001336336	3.9545729160
523.4359388351	1.0001367331	3.9548068047
524.4359960556	1.0001384020	3.9550306797
525.4360532761	1.0001373291	3.9552383423
526.4361100197	1.0001319647	3.9554440975
527.4361677170	1.0001386404	3.9556746483
528.4362244606	1.0001349449	3.9558739662
529.4362821579	1.0001354218	3.9560806751
530.4363389015	1.0001354218	3.9563100338
531.4363965988	1.0001318455	3.9565045834
532.4364533424	1.0001385212	3.9567351341
533.4365110397	1.0001318455	3.9569404125
534.4365677834	1.0001375675	3.9571604729
535.4366254807	1.0001320839	3.9573688507
536.4366822243	1.0001376867	3.9575879574
537.4357395172	1.0001375675	3.9578025341
538.4357967377	1.0001406670	3.9579968452
539.4358539581	1.0001373291	3.9582259655
540.4359111786	1.0001308918	3.9584357738
541.4359683990	1.0001389980	3.9586389065
542.4360256195	1.0001343489	3.9588568211
543.4360828400	1.0001313686	3.9590797424
544.4361395836	1.0001405478	3.9592871666
545.4361968040	1.0001368523	3.9595062733
546.4362540245	1.0001356602	3.9596896172
547.4363112450	1.0001385212	3.9599130154
548.4363684654	1.0001351833	3.9601211548
549.4364256859	1.0001435280	3.9603388309
550.4364829063	1.0001353025	3.9605507851
551.4365401268	1.0001395941	3.9607565403
552.4365973473	1.0001428127	3.9609885216
553.4366545677	1.0001336336	3.9611895084
554.4367117882	1.0001423359	3.9613938332
555.4357690811	1.0001362562	3.9615950584
556.4358263016	1.0001293421	3.9617972374
557.4358835220	1.0001342297	3.9620070457
558.4359407425	1.0001361370	3.9622139931
559.4359979630	1.0001288652	3.9624078274
560.4360551834	1.0001348257	3.9626040459
561.4361124039	1.0001349449	3.9628367424
562.4361696243	1.0001335144	3.9630239010
563.4362268448	1.0001369715	3.9632508755
564.4362835884	1.0001333952	3.9634523392
565.4363408089	1.0001420975	3.9636566639
566.4363980293	1.0001324415	3.9638485909
567.4364552498	1.0001357794	3.9640767574
568.4365124702	1.0001366138	3.9642803669
569.4365696907	1.0001320839	3.9644796848
570.4366269112	1.0001372099	3.9646780491
571.4366841316	1.0001324415	3.9648916721
572.4357414246	1.0001341105	3.9650781155
573.4357986450	1.0001355410	3.9653098583
574.4358558655	1.0001344681	3.9654979706
575.4359130859	1.0001363754	3.9656853676
576.4359703064	1.0001372099	3.9659106731
577.4360275269	1.0001345873	3.9661135674
578.4360847473	1.0001385212	3.9663066864
579.4361419678	1.0001363754	3.9665064812
580.4361991882	1.0001420975	3.9667005539
581.4362564087	1.0001339912	3.9669177532
582.4363136292	1.0001358986	3.9671077728
583.4363708496	1.0001381636	3.9673101902
584.4364275932	1.0001338720	3.9675126076
585.4364848137	1.0001301765	3.9677193165
586.4365420341	1.0001393557	3.9679305553
587.4365992546	1.0001325607	3.9681341648
588.4366564751	1.0001382828	3.9683449268
589.4367136955	1.0001398325	3.9685397148
590.4357709885	1.0001348257	3.9687464237
591.4358282089	1.0001307726	3.9689567089
592.4358854294	1.0001354218	3.9691374302
593.4359426498	1.0001325607	3.9693574905
594.4359998703	1.0001282692	3.9695317745
595.4360570908	1.0001280308	3.9697210789
596.4361143112	1.0001332760	3.9699356556
597.4361715317	1.0001313686	3.9701313972
598.4362287521	1.0001280308	3.9703242779
599.4362859726	1.0001316071	3.9705283642
600.4363431931	1.0001301765	3.9707405567
601.4364004135	1.0001248121	3.9709463120
602.4364576340	1.0001344681	3.9711501598
603.4365148544	1.0001271963	3.9713211060
604.4365715981	1.0001263618	3.9715449810
605.4366288185	1.0001355410	3.9717392921
606.4366860390	1.0001276731	3.9719326496
607.4357433319	1.0001279116	3.9721260071
608.4358005524	1.0001329184	3.9723329544
609.4358577728	1.0001330376	3.9725422859
610.4359149933	1.0001289845	3.9727303982
611.4359722137	1.0001330376	3.9729292393
612.4360294342	1.0001308918	3.9731431007
613.4360866547	1.0001279116	3.9733388424
614.4361438751	1.0001337528	3.9735417366
615.4362010956	1.0001306534	3.9737322330
616.4362583160	1.0001337528	3.9739341736
617.4363155365	1.0001363754	3.9741392136
618.4363727570	1.0001314878	3.9743237495
619.4364299774	1.0001368523	3.9745364189
620.4364871979	1.0001373291	3.9747409821
621.4365444183	1.0001349449	3.9749341011
622.4366016388	1.0001326799	3.9751193523
623.4366583824	1.0001305342	3.9753344059
624.4367156029	1.0001342297	3.9755194187
625.4357728958	1.0001353025	3.9757034779
626.4358301163	1.0001342297	3.9759166241
627.4358873367	1.0001404285	3.9761030674
628.4359445572	1.0001342297	3.9763002396
629.4360017776	1.0001316071	3.9764971733
630.4360589981	1.0001379251	3.9767122269
631.4361162186	1.0001357794	3.9768986702
632.4361734390	1.0001353025	3.9770979881
633.4362306595	1.0001344681	3.9772851467
634.4362878799	1.0001316071	3.9774761200
635.4363451004	1.0001360178	3.9776837826
636.4364023209	1.0001329184	3.9778516293
637.4364595413	1.0001347065	3.9780566692
638.4365167618	1.0001360178	3.9782633781
639.4365739822	1.0001361370	3.9784729481
640.4366312027	1.0001350641	3.9786524773
641.4366884232	1.0001339912	3.9788646698
642.4357452393	1.0001329184	3.9790487289
643.4358019829	1.0001357794	3.9792439938
644.4358596802	1.0001364946	3.9794595242
645.4359164238	1.0001355410	3.9796366692
646.4359741211	1.0001267195	3.9798314571
647.4360308647	1.0001324415	3.9800257683
648.4360885620	1.0001296997	3.9802234173
649.4361453056	1.0001264811	3.9804108143
650.4362030029	1.0001333952	3.9806256294
651.4362597466	1.0001266003	3.9808075428
652.4363174438	1.0001335144	3.9810042381
653.4363741875	1.0001316071	3.9812195301
654.4364318848	1.0001320839	3.9814004898
655.4364886284	1.0001311302	3.9816019535
656.4365463257	1.0001304150	3.9818043709
657.4366030693	1.0001298189	3.9819924831
658.4366607666	1.0001345873	3.9821815491
659.4367175102	1.0001302958	3.9823696613
660.4357748032	1.0001329184	3.9825744629
661.4358320236	1.0001330376	3.9827749729
662.4358892441	1.0001302958	3.9829778671
663.4359459877	1.0001308918	3.9831671715
664.4360032082	1.0001336336	3.9833562374
665.4360604286	1.0001330376	3.9835529327
666.4361176491	1.0001262426	3.9837560654
667.4361748695	1.0001349449	3.9839544296
668.4362320900	1.0001308918	3.9841468334
669.4362893105	1.0001295805	3.9843304157
670.4363465309	1.0001329184	3.9845378399
671.4364037514	1.0001304150	3.9847381115
672.4364609718	1.0001289845	3.9849109650
673.4365181923	1.0001330376	3.9851174355
674.4365754128	1.0001345873	3.9853146076
675.4366326332	1.0001392365	3.9855282307
676.4366898537	1.0001302958	3.9856956005
677.4357471466	1.0001342297	3.9858927727
678.4358043671	1.0001349449	3.9861049652
679.4358615875	1.0001342297	3.9862823486
680.4359188080	1.0001306534	3.9864702225
681.4359760284	1.0001349449	3.9866876602
682.4360332489	1.0001332760	3.9868593216
683.4360899925	1.0001294613	3.9870703220
684.4361472130	1.0001363754	3.9872443676
685.4362044334	1.0001298189	3.9874517918
686.4362616539	1.0001333952	3.9876437187
687.4363188744	1.0001319647	3.9878323078
688.4363760948	1.0001345873	3.9880268574
689.4364333153	1.0001358986	3.9882202148
690.4364905357	1.0001312494	3.9884078503
691.4365477562	1.0001351833	3.9886045456
692.4366049767	1.0001314878	3.9887905121
693.4366621971	1.0001286268	3.9889888763
694.4367194176	1.0001376867	3.9891970158
695.4357767105	1.0001342297	3.9893779755
696.4358339310	1.0001295805	3.9895789623
697.4358911514	1.0001349449	3.9897701740
698.4359483719	1.0001317263	3.9899640083
699.4360055923	1.0001366138	3.9901618958
700.4360628128	1.0001389980	3.9903495312
701.4361200333	1.0001324415	3.9905376434
702.4361772537	1.0001351833	3.9907348156
703.4362339973	1.0001344681	3.9909381866
704.4362912178	1.0001341105	3.9911363125
705.4363484383	1.0001375675	3.9913246632
706.4364056587	1.0001338720	3.9915049076
707.4364628792	1.0001344681	3.9916913509
708.4365200996	1.0001337528	3.9918963909
709.4365773201	1.0001335144	3.9920880795
710.4366345406	1.0001305342	3.9922709465
711.4366917610	1.0001306534	3.9924757481
712.4357490540	1.0001298189	3.9926643372
713.4358062744	1.0001332760	3.9928517342
714.4358634949	1.0001345873	3.9930639267
715.4359207153	1.0001312494	3.9932518005
716.4359779358	1.0001358986	3.9934589863
717.4360351563	1.0001347065	3.9936447144
718.4360923767	1.0001307726	3.9938440323
719.4361495972	1.0001312494	3.9940311909
720.4362068176	1.0001331568	3.9942228794
721.4362640381	1.0001348257	3.9944272041
722.4363207817	1.0001271963	3.9946174622
723.4363780022	1.0001296997	3.9948070049
724.4364352226	1.0001392365	3.9949996471
725.4364924431	1.0001288652	3.9952006340
726.4365496635	1.0001276731	3.9953701496
727.4366068840	1.0001337528	3.9955837727
728.4366641045	1.0001342297	3.9957828522
729.4367213249	1.0001326799	3.9959812164
730.4357786179	1.0001286268	3.9961881638
731.4358358383	1.0001320839	3.9963586330
732.4358930588	1.0001354218	3.9965898991
733.4359502792	1.0001342297	3.9967710972
734.4360074997	1.0001319647	3.9969518185
735.4360647202	1.0001254082	3.9971442223
736.4361219406	1.0001293421	3.9973211288
737.4361791611	1.0001296997	3.9975306988
738.4362363815	1.0001281500	3.9977159500
739.4362936020	1.0001282692	3.9979045391
740.4363508224	1.0001251698	3.9981117249
741.4364080429	1.0001274347	3.9982933998
742.4364647865	1.0001380444	3.9985144138
743.4365220070	1.0001300573	3.9987075329
744.4365792274	1.0001344681	3.9989032745
745.4366364479	1.0001320839	3.9991061687
746.4366936684	1.0001294613	3.9992897511
747.4357509613	1.0001276731	3.9994935989
748.4358081818	1.0001342297	3.9996733665
749.4358654022	1.0001299381	3.9998710155
750.4359226227	1.0001330376	4.0000710487
751.4359798431	1.0001306534	4.0002722740
752.4360370636	1.0001348257	4.0004587173
753.4360942841	1.0001363754	4.0006504059
754.4361515045	1.0001353025	4.0008587837
755.4362087250	1.0001306534	4.0010385513
756.4362659454	1.0001363754	4.0012264252
757.4363231659	1.0001281500	4.0014214516
758.4363803864	1.0001350641	4.0016279221
759.4364376068	1.0001355410	4.0018062592
760.4364948273	1.0001310110	4.0020122528
761.4365520477	1.0001285076	4.0022048950
762.4366087914	1.0001337528	4.0023994446
763.4366660118	1.0001362562	4.0026030540
764.4367232323	1.0001301765	4.0027894974
765.4357805252	1.0001353025	4.0029973984
766.4358372688	1.0001324415	4.0031752586
767.4358949661	1.0001258850	4.0033822060
768.4359517097	1.0001304150	4.0035829544
769.4360094070	1.0001250505	4.0037498474
770.4360661507	1.0001245737	4.0039534569
771.4361238480	1.0001339912	4.0041451454
772.4361805916	1.0001245737	4.0043487549
773.4362382889	1.0001236200	4.0045466423
774.4362950325	1.0001336336	4.0047340393
775.4363527298	1.0001285076	4.0049433708
776.4364094734	1.0001232624	4.0051336288
777.4364671707	1.0001291037	4.0053215027
778.4365239143	1.0001256466	4.0055336952
779.4365816116	1.0001248121	4.0057287216
780.4366383553	1.0001269579	4.0059146881
781.4366960526	1.0001263618	4.0061125755
782.4357523918	1.0001273155	4.0063042641
783.4358096123	1.0001341105	4.0065040588
784.4358668327	1.0001289845	4.0066938400
785.4359240532	1.0001302958	4.0068778992
786.4359812737	1.0001269579	4.0070810318
787.4360384941	1.0001337528	4.0072736740
788.4360957146	1.0001296997	4.0074687004
789.4361529350	1.0001329184	4.0076613426
790.4362101555	1.0001327991	4.0078821182
791.4362673759	1.0001280308	4.0080571175
792.4363245964	1.0001291037	4.0082664490
793.4363818169	1.0001201630	4.0084452629
794.4364390373	1.0001306534	4.0086407661
795.4364962578	1.0001270771	4.0088400841
796.4365534782	1.0001250505	4.0090279579
797.4366106987	1.0001306534	4.0092535019
798.4366679192	1.0001245737	4.0094528198
799.4367251396	1.0001306534	4.0096287727
800.4357824326	1.0001244545	4.0098123550
801.4358396530	1.0001273155	4.0100035667
802.4358963966	1.0001240969	4.0102176666
803.4359536171	1.0001298189	4.0104207993
804.4360108376	1.0001266003	4.0106263161
805.4360680580	1.0001293421	4.0108060837
806.4361252785	1.0001293421	4.0109910965
807.4361824989	1.0001333952	4.0111885071
808.4362397194	1.0001270771	4.0113925934
809.4362969398	1.0001332760	4.0115804672
810.4363541603	1.0001337528	4.0117850304
811.4364113808	1.0001330376	4.0119833946
812.4364686012	1.0001287460	4.0121722221
813.4365258217	1.0001368523	4.0123667717
814.4365830421	1.0001327991	4.0125784874
815.4366402626	1.0001317263	4.0127701759
816.4366974831	1.0001317263	4.0129675865
817.4357547760	1.0001358986	4.0131511688
818.4358119965	1.0001320839	4.0133562088
819.4358692169	1.0001277924	4.0135550499
820.4359264374	1.0001358986	4.0137619972
821.4359831810	1.0001326799	4.0139431953
822.4360404015	1.0001354218	4.0141277313
823.4360976219	1.0001350641	4.0143146515
824.4361548424	1.0001263618	4.0145211220
825.4362120628	1.0001302958	4.0147056580
826.4362692833	1.0001294613	4.0149173737
827.4363265038	1.0001292229	4.0151085854
828.4363837242	1.0001345873	4.0153112411
829.4364409447	1.0001282692	4.0154891014
830.4364981651	1.0001314878	4.0156931877
831.4365553856	1.0001302958	4.0158896446
832.4366126060	1.0001280308	4.0160861015
833.4366698265	1.0001324415	4.0162787437
834.4367270470	1.0001289845	4.0164694786
835.4357843399	1.0001293421	4.0166721344
836.4358415604	1.0001353025	4.0168838501
837.4358987808	1.0001255274	4.0170736313
838.4359560013	1.0001351833	4.0172615051
839.4360132217	1.0001286268	4.0174798965
840.4360704422	1.0001302958	4.0176634789
841.4361271858	1.0001296997	4.0178475380
842.4361844063	1.0001318455	4.0180602074
843.4362416267	1.0001294613	4.0182585716
844.4362988472	1.0001267195	4.0184435844
845.4363560677	1.0001347065	4.0186352730
846.4364132881	1.0001322031	4.0188417435
847.4364705086	1.0001267195	4.0190248489
848.4365277290	1.0001287460	4.0192179680
849.4365849495	1.0001323223	4.0194268227
850.4366421700	1.0001337528	4.0196185112
851.4366993904	1.0001258850	4.0198283195
852.4357566833	1.0001257658	4.0200242996
853.4358139038	1.0001285076	4.0202264786
854.4358711243	1.0001288652	4.0204114914
855.4359283447	1.0001267195	4.0206098557
856.4359855652	1.0001276731	4.0208077431
857.4360427856	1.0001264811	4.0210118294
858.4361000061	1.0001248121	4.0211963654
859.4361572266	1.0001324415	4.0213928223
860.4362144470	1.0001237392	4.0216035843
861.4362711906	1.0001285076	4.0217962265
862.4363284111	1.0001232624	4.0219807625
863.4363856316	1.0001302958	4.0221862793
864.4364428520	1.0001240969	4.0223684311
865.4365000725	1.0001288652	4.0225815773
866.4365572929	1.0001237392	4.0227851868
867.4366145134	1.0001246929	4.0229930878
868.4366717339	1.0001271963	4.0231771469
869.4367289543	1.0001280308	4.0233860016
870.4357862473	1.0001246929	4.0235824585
871.4358434677	1.0001322031	4.0237684250
872.4359006882	1.0001312494	4.0239753723
873.4359579086	1.0001283884	4.0241603851
874.4360151291	1.0001344681	4.0243544579
875.4360723495	1.0001319647	4.0245623589
876.4361295700	1.0001271963	4.0247550011
877.4361867905	1.0001329184	4.0249519348
878.4362440109	1.0001314878	4.0251660347
879.4363012314	1.0001286268	4.0253500938
880.4363584518	1.0001239777	4.0255379677
881.4364151955	1.0001258850	4.0257449150
882.4364724159	1.0001337528	4.0259447098
883.4365296364	1.0001339912	4.0261549950
884.4365868568	1.0001293421	4.0263276100
885.4366440773	1.0001311302	4.0265398026
886.4367012978	1.0001286268	4.0267486572
887.4357581139	1.0001289845	4.0269265175
888.4358158112	1.0001341105	4.0271615982
889.4358725548	1.0001306534	4.0273370743
890.4359302521	1.0001285076	4.0275244713
891.4359869957	1.0001283884	4.0277218819
892.4360446930	1.0001319647	4.0279326439
893.4361014366	1.0001270771	4.0281281471
894.4361591339	1.0001318455	4.0283160210
895.4362158775	1.0001285076	4.0285191536
896.4362735748	1.0001333952	4.0287208557
897.4363303185	1.0001254082	4.0289020538
898.4363880157	1.0001295805	4.0291047096
899.4364447594	1.0001329184	4.0293107033
900.4365019798	1.0001273155	4.0295190811
901.4365592003	1.0001332760	4.0297141075
902.4366164207	1.0001316071	4.0299191475
903.4366736412	1.0001275539	4.0301241875
904.4367308617	1.0001310110	4.0303182602
905.4357876778	1.0001293421	4.0305337906
906.4358448982	1.0001256466	4.0307092667
907.4359021187	1.0001249313	4.0309190750
908.4359593391	1.0001312494	4.0311093330
909.4360165596	1.0001330376	4.0313105583
910.4360737801	1.0001230240	4.0315127373
911.4361310005	1.0001223087	4.0317058563
912.4361882210	1.0001289845	4.0319232941
913.4362454414	1.0001198053	4.0321068764
914.4363026619	1.0001263618	4.0323286057
915.4363598824	1.0001307726	4.0325288773
916.4364171028	1.0001312494	4.0327081680
917.4364743233	1.0001270771	4.0329184532
918.4365315437	1.0001316071	4.0331211090
919.4365887642	1.0001368523	4.0333242416
920.4366459846	1.0001263618	4.0335121155
921.4367032051	1.0001358986	4.0337080956
922.4357600212	1.0001277924	4.0339145660
923.4358172417	1.0001287460	4.0341019630
924.4358744621	1.0001249313	4.0343117714
925.4359316826	1.0001288652	4.0344958305
926.4359889030	1.0001267195	4.0346975327
927.4360461235	1.0001280308	4.0349059105
928.4361033440	1.0001245737	4.0351004601
929.4361605644	1.0001263618	4.0353064537
930.4362177849	1.0001296997	4.0355119705
931.4362750053	1.0001227856	4.0357179642
932.4363322258	1.0001280308	4.0359106064
933.4363894463	1.0001277924	4.0361223221
934.4364466667	1.0001209974	4.0363121033
935.4365038872	1.0001274347	4.0365133286
936.4365611076	1.0001319647	4.0367264748
937.4366183281	1.0001280308	4.0369286537
938.4366755486	1.0001240969	4.0371246338
939.4357328415	1.0001292229	4.0373191833
940.4357895851	1.0001240969	4.0375266075
941.4358468056	1.0001252890	4.0377378464
942.4359040260	1.0001269579	4.0379223824
943.4359612465	1.0001280308	4.0381135941
944.4360184669	1.0001232624	4.0383052826
945.4360756874	1.0001260042	4.0385160446
946.4361329079	1.0001300573	4.0387172699
947.4361901283	1.0001282692	4.0389204025
948.4362473488	1.0001292229	4.0391111374
949.4363045692	1.0001268387	4.0393128395
950.4363617897	1.0001287460	4.0395131111
951.4364190102	1.0001221895	4.0397200584
952.4364762306	1.0001317263	4.0399260521
953.4365334511	1.0001294613	4.0401220322
954.4365906715	1.0001287460	4.0403404236
955.4366478920	1.0001275539	4.0405340195
956.4367051125	1.0001240969	4.0407328606
957.4357624054	1.0001282692	4.0409274101
958.4358196259	1.0001277924	4.0411462784
959.4358768463	1.0001242161	4.0413398743
960.4359335899	1.0001313686	4.0415482521
961.4359908104	1.0001263618	4.0417733192
962.4360480309	1.0001304150	4.0419664383
963.4361052513	1.0001301765	4.0421638489
964.4361624718	1.0001266003	4.0423769951
965.4362196922	1.0001296997	4.0425820351
966.4362769127	1.0001212358	4.0427761078
967.4363341331	1.0001298189	4.0429778099
968.4363913536	1.0001269579	4.0431871414
969.4364485741	1.0001307726	4.0433897972
970.4365057945	1.0001276731	4.0436000824
971.4365630150	1.0001240969	4.0437846184
972.4366202354	1.0001336336	4.0439882278
973.4366774559	1.0001269579	4.0442070961
974.4357347488	1.0001327991	4.0444002151
975.4357919693	1.0001227856	4.0445990562
976.4358491898	1.0001273155	4.0448031425
977.4359064102	1.0001262426	4.0449919701
978.4359636307	1.0001260042	4.0452132225
979.4360208511	1.0001180172	4.0454134941
980.4360775948	1.0001299381	4.0456118584
981.4361348152	1.0001282692	4.0458235741
982.4361920357	1.0001217127	4.0460300446
983.4362492561	1.0001245737	4.0462222099
984.4363064766	1.0001217127	4.0464205742
985.4363636971	1.0001302958	4.0466303825
986.4364209175	1.0001263618	4.0468344688
987.4364781380	1.0001305342	4.0470352173
988.4365353584	1.0001242161	4.0472364426
989.4365925789	1.0001262426	4.0474481583
990.4366497993	1.0001280308	4.0476579666
991.4367070198	1.0001332760	4.0478572845
992.4357643127	1.0001330376	4.0480632782
993.4358215332	1.0001269579	4.0482692719
994.4358787537	1.0001307726	4.0484781265
995.4359359741	1.0001249313	4.0486621857
996.4359931946	1.0001280308	4.0488681793
997.4360504150	1.0001238585	4.0490722656
998.4361076355	1.0001286268	4.0492873192
999.4361648560	1.0001301765	4.0494942665
1000.4362215996	1.0001260042	4.0496993065
1001.4362788200	1.0001282692	4.0499205589
1002.4363360405	1.0001274347	4.0501236916
1003.4363932610	1.0001275539	4.0503020287
1004.4364504814	1.0001310110	4.0505228043
1005.4365077019	1.0001267195	4.0507216454
1006.4365649223	1.0001239777	4.0509080887
1007.4366221428	1.0001287460	4.0511245728
1008.4366793633	1.0001260042	4.0513134003
1009.4357366562	1.0001271963	4.0515322685
1010.4357933998	1.0001285076	4.0517516136
1011.4358510971	1.0001310110	4.0519475937
1012.4359078407	1.0001310110	4.0521574020
1013.4359655380	1.0001258850	4.0523676872
1014.4360222816	1.0001291037	4.0525741577
1015.4360799789	1.0001267195	4.0527815819
1016.4361367226	1.0001204014	4.0529952049
1017.4361944199	1.0001280308	4.0531988144
1018.4362511635	1.0001330376	4.0534133911
1019.4363083839	1.0001227856	4.0535960197
1020.4363656044	1.0001281500	4.0538234711
1021.4364228249	1.0001304150	4.0540256500
1022.4364800453	1.0001288652	4.0542159081
1023.4365372658	1.0001306534	4.0544266701
1024.4365940094	1.0001264811	4.0546364784
1025.4366517067	1.0001226664	4.0548386574
1026.4367084503	1.0001306534	4.0550389290
1027.4357657433	1.0001287460	4.0552434921
1028.4358229637	1.0001286268	4.0554594994
1029.4358801842	1.0001243353	4.0556511879
1030.4359374046	1.0001302958	4.0558590889
1031.4359946251	1.0001267195	4.0560626984
1032.4360518456	1.0001295805	4.0562782288
1033.4361090660	1.0001293421	4.0564928055
1034.4361662865	1.0001248121	4.0566816330
1035.4362235069	1.0001310110	4.0568971634
1036.4362807274	1.0001232624	4.0570983887
1037.4363379478	1.0001317263	4.0573105812
1038.4363951683	1.0001320839	4.0575261116
1039.4364523888	1.0001257658	4.0577197075
1040.4365096092	1.0001311302	4.0579357147
1041.4365668297	1.0001294613	4.0581545830
1042.4366240501	1.0001271963	4.0583572388
1043.4366807938	1.0001256466	4.0585589409
1044.4357380867	1.0001256466	4.0587534904
1045.4357953072	1.0001344681	4.0589728355
1046.4358525276	1.0001298189	4.0591874123
1047.4359097481	1.0001293421	4.0593829155
1048.4359669685	1.0001280308	4.0596055984
1049.4360241890	1.0001223087	4.0597991943
1050.4360814095	1.0001287460	4.0600166321
1051.4361386299	1.0001256466	4.0602264404
1052.4361958504	1.0001269579	4.0604252815
1053.4362530708	1.0001286268	4.0606303215
1054.4363102913	1.0001270771	4.0608305931
1055.4363675117	1.0001249313	4.0610404015
1056.4364247322	1.0001252890	4.0612521172
1057.4364819527	1.0001296997	4.0614514351
1058.4365391731	1.0001252890	4.0616526604
1059.4365963936	1.0001299381	4.0618810654
1060.4366536140	1.0001263618	4.0620722771
1061.4367108345	1.0001338720	4.0622997284
1062.4357676506	1.0001330376	4.0625104904
1063.4358248711	1.0001219511	4.0626997948
1064.4358820915	1.0001269579	4.0629248619
1065.4359393120	1.0001254082	4.0631237030
1066.4359965324	1.0001289845	4.0633301735
1067.4360537529	1.0001262426	4.0635547638
1068.4361109734	1.0001295805	4.0637655258
1069.4361681938	1.0001332760	4.0639772415
1070.4362254143	1.0001329184	4.0641746521
1071.4362826347	1.0001239777	4.0643844604
1072.4363398552	1.0001320839	4.0645980835
1073.4363970757	1.0001298189	4.0648088455
1074.4364542961	1.0001312494	4.0650210381
1075.4365115166	1.0001314878	4.0652179718
1076.4365687370	1.0001248121	4.0654325485
1077.4366259575	1.0001331568	4.0656328201
1078.4366831779	1.0001319647	4.0658349991
1079.4357399940	1.0001274347	4.0660576820
1080.4357972145	1.0001310110	4.0662636757
1081.4358544350	1.0001353025	4.0664858818
1082.4359116554	1.0001293421	4.0667080879
1083.4359688759	1.0001327991	4.0669159889
1084.4360260963	1.0001306534	4.0671195984
1085.4360833168	1.0001375675	4.0673246384
1086.4361405373	1.0001355410	4.0675168037
1087.4361977577	1.0001246929	4.0677256584
1088.4362549782	1.0001329184	4.0679340363
1089.4363121986	1.0001320839	4.0681581497
1090.4363694191	1.0001345873	4.0683703423
1091.4364266396	1.0001317263	4.0685858727
1092.4364838600	1.0001319647	4.0687875748
1093.4365410805	1.0001406670	4.0689964294
1094.4365983009	1.0001285076	4.0692052841
1095.4366555214	1.0001337528	4.0694146156
1096.4367127419	1.0001304150	4.0696301460
1097.4357700348	1.0001296997	4.0698432922
1098.4358272552	1.0001337528	4.0700511932
1099.4358839989	1.0001312494	4.0702691078
1100.4359412193	1.0001344681	4.0704894066
1101.4359984398	1.0001319647	4.0706968307
1102.4360556602	1.0001302958	4.0709061623
1103.4361128807	1.0001369715	4.0711345673
1104.4361701012	1.0001285076	4.0713376999
1105.4362273216	1.0001348257	4.0715394020
1106.4362845421	1.0001324415	4.0717673302
1107.4363417625	1.0001307726	4.0719795227
1108.4363989830	1.0001331568	4.0721993446
1109.4364562035	1.0001319647	4.0724105835
1110.4365134239	1.0001355410	4.0726294518
1111.4365706444	1.0001314878	4.0728235245
1112.4366278648	1.0001305342	4.0730319023
1113.4366850853	1.0001348257	4.0732507706
1114.4357423782	1.0001237392	4.0734567642
1115.4357995987	1.0001302958	4.0736708641
1116.4358568192	1.0001311302	4.0738763809
1117.4359140396	1.0001287460	4.0740900040
1118.4359707832	1.0001293421	4.0743041039
1119.4360280037	1.0001326799	4.0745210648
1120.4360852242	1.0001338720	4.0747432709
1121.4361424446	1.0001231432	4.0749478340
1122.4361996651	1.0001350641	4.0751466751
1123.4362568855	1.0001316071	4.0753579140
1124.4363141060	1.0001285076	4.0755777359
1125.4363713264	1.0001345873	4.0757927895
1126.4364285469	1.0001285076	4.0760054588
1127.4364857674	1.0001313686	4.0762300491
1128.4365429878	1.0001319647	4.0764455795
1129.4366002083	1.0001307726	4.0766382217
1130.4366574287	1.0001282692	4.0768589973
1131.4367146492	1.0001274347	4.0770678520
1132.4357719421	1.0001312494	4.0772919655
1133.4358286858	1.0001258850	4.0775160789
1134.4358863831	1.0001257658	4.0777297020
1135.4359431267	1.0001322031	4.0779623985
1136.4360008240	1.0001286268	4.0781745911
1137.4360575676	1.0001326799	4.0783801079
1138.4361147881	1.0001277924	4.0785961151
1139.4361720085	1.0001257658	4.0787963867
1140.4362292290	1.0001305342	4.0790171623
1141.4362864494	1.0001245737	4.0792288780
1142.4363436699	1.0001311302	4.0794410706
1143.4364004135	1.0001307726	4.0796732903
1144.4364581108	1.0001282692	4.0798859596
1145.4365148544	1.0001254082	4.0801038742
1146.4365725517	1.0001285076	4.0802974701
1147.4366292953	1.0001312494	4.0805315971
1148.4366869926	1.0001224279	4.0807151794
1149.4357438087	1.0001258850	4.0809535980
1150.4358010292	1.0001331568	4.0811738968
1151.4358582497	1.0001217127	4.0813903809
1152.4359154701	1.0001304150	4.0815982819
1153.4359726906	1.0001264811	4.0818037987
1154.4360299110	1.0001317263	4.0820360184
1155.4360871315	1.0001249313	4.0822286606
1156.4361443520	1.0001293421	4.0824418068
1157.4362015724	1.0001277924	4.0826668739
1158.4362587929	1.0001302958	4.0828914642
1159.4363160133	1.0001271963	4.0831036568
1160.4363732338	1.0001356602	4.0833163261
1161.4364304543	1.0001291037	4.0835366249
1162.4364871979	1.0001267195	4.0837407112
1163.4365444183	1.0001289845	4.0839772224
1164.4366016388	1.0001293421	4.0841774940
1165.4366588593	1.0001269579	4.0844035149
1166.4367160797	1.0001296997	4.0846157074
1167.4357733727	1.0001269579	4.0848278999
1168.4358305931	1.0001329184	4.0850501060
1169.4358878136	1.0001293421	4.0852532387
1170.4359450340	1.0001237392	4.0854682922
1171.4360022545	1.0001338720	4.0856928825
1172.4360594749	1.0001308918	4.0859198570
1173.4361166954	1.0001302958	4.0861387253
1174.4361739159	1.0001287460	4.0863490105
1175.4362311363	1.0001333952	4.0865702629
1176.4362883568	1.0001300573	4.0867948532
1177.4363455772	1.0001319647	4.0870099068
1178.4364027977	1.0001311302	4.0872249603
1179.4364600182	1.0001298189	4.0874319077
1180.4365172386	1.0001337528	4.0876617432
1181.4365739822	1.0001314878	4.0878877640
1182.4366312027	1.0001357794	4.0881032944
1183.4366884232	1.0001349449	4.0883240700
1184.4357457161	1.0001286268	4.0885233879
1185.4358029366	1.0001349449	4.0887665749
1186.4358601570	1.0001327991	4.0889835358
1187.4359173775	1.0001307726	4.0892000198
1188.4359745979	1.0001294613	4.0894169807
1189.4360318184	1.0001354218	4.0896430016
1190.4360890388	1.0001341105	4.0898537636
1191.4361462593	1.0001254082	4.0900835991
1192.4362034798	1.0001324415	4.0902848244
1193.4362607002	1.0001356602	4.0905165672
1194.4363179207	1.0001268387	4.0907225609
1195.4363751411	1.0001306534	4.0909471512
1196.4364323616	1.0001306534	4.0911641121
1197.4364895821	1.0001370907	4.0913815498
1198.4365468025	1.0001313686	4.0915951729
1199.4366040230	1.0001364946	4.0918202400
1200.4366612434	1.0001291037	4.0920538902
1201.4367179871	1.0001333952	4.0922870636
1202.4357752800	1.0001258850	4.0924963951
1203.4358325005	1.0001330376	4.0927019119
1204.4358897209	1.0001262426	4.0929055214
1205.4359469414	1.0001343489	4.0931496620
1206.4360041618	1.0001313686	4.0933566093
1207.4360613823	1.0001277924	4.0935893059
1208.4361186028	1.0001276731	4.0938024521
1209.4361758232	1.0001310110	4.0940232277
1210.4362330437	1.0001355410	4.0942573547
1211.4362902641	1.0001326799	4.0944538116
1212.4363474846	1.0001351833	4.0946912766
1213.4364047050	1.0001287460	4.0949192047
1214.4364619255	1.0001350641	4.0951385498
1215.4365191460	1.0001287460	4.0953483582
1216.4365763664	1.0001289845	4.0955686569
1217.4366335869	1.0001306534	4.0957899094
1218.4366908073	1.0001324415	4.0960216522
1219.4357476234	1.0001300573	4.0962319374
1220.4358048439	1.0001280308	4.0964527130
1221.4358620644	1.0001306534	4.0966939926
1222.4359192848	1.0001342297	4.0969223976
1223.4359765053	1.0001286268	4.0971283913
1224.4360337257	1.0001291037	4.0973529816
1225.4360909462	1.0001320839	4.0975856781
1226.4361481667	1.0001317263	4.0977888107
1227.4362053871	1.0001344681	4.0980291367
1228.4362626076	1.0001308918	4.0982432365
1229.4363198280	1.0001347065	4.0984692574
1230.4363770485	1.0001270771	4.0986957550
1231.4364342690	1.0001345873	4.0989041328
1232.4364914894	1.0001337528	4.0991258621
1233.4365487099	1.0001325607	4.0993590355
1234.4366059303	1.0001374483	4.0995903015
1235.4366631508	1.0001300573	4.0998044014
1236.4367203712	1.0001320839	4.1000194550
1237.4357771873	1.0001393557	4.1002593040
1238.4358344078	1.0001302958	4.1004862785
1239.4358916283	1.0001349449	4.1006960869
1240.4359488487	1.0001322031	4.1009454727
1241.4360060692	1.0001305342	4.1011557579
1242.4360632896	1.0001308918	4.1013617516
1243.4361205101	1.0001282692	4.1016049385
1244.4361777306	1.0001306534	4.1018252373
1245.4362349510	1.0001320839	4.1020536423
1246.4362921715	1.0001308918	4.1022667885
1247.4363493919	1.0001345873	4.1025075912
1248.4364066124	1.0001306534	4.1027250290
1249.4364638329	1.0001325607	4.1029443741
1250.4365210533	1.0001269579	4.1031770706
1251.4365782738	1.0001327991	4.1034111977
1252.4366354942	1.0001280308	4.1036157608
1253.4366927147	1.0001294613	4.1038455963
1254.4357495308	1.0001225471	4.1040611267
1255.4358072281	1.0001298189	4.1042785645
1256.4358639717	1.0001209974	4.1044950485
1257.4359211922	1.0001299381	4.1047358513
1258.4359784126	1.0001280308	4.1049580574
1259.4360356331	1.0001269579	4.1051783562
1260.4360928535	1.0001254082	4.1054015160
1261.4361500740	1.0001261234	4.1056380272
1262.4362068176	1.0001213551	4.1058635712
1263.4362645149	1.0001218319	4.1060714722
1264.4363212585	1.0001291037	4.1063075066
1265.4363789558	1.0001263618	4.1065340042
1266.4364356995	1.0001300573	4.1067576408
1267.4364933968	1.0001322031	4.1069855690
1268.4365501404	1.0001269579	4.1072044373
1269.4366078377	1.0001301765	4.1074481010
1270.4366645813	1.0001289845	4.1076736450
1271.4367222786	1.0001267195	4.1078801155
1272.4357790947	1.0001280308	4.1081137657
1273.4358363152	1.0001302958	4.1083450317
1274.4358935356	1.0001274347	4.1085619926
1275.4359507561	1.0001288652	4.1087875366
1276.4360079765	1.0001257658	4.1090230942
1277.4360651970	1.0001295805	4.1092667580
1278.4361224174	1.0001262426	4.1094856262
1279.4361796379	1.0001312494	4.1097168922
1280.4362363815	1.0001283884	4.1099438667
1281.4362936020	1.0001285076	4.1101756096
1282.4363508224	1.0001318455	4.1104145050
1283.4364080429	1.0001220703	4.1106400490
1284.4364652634	1.0001245737	4.1108589172
1285.4365224838	1.0001350641	4.1110892296
1286.4365797043	1.0001298189	4.1113171577
1287.4366369247	1.0001311302	4.1115393639
1288.4366941452	1.0001282692	4.1117649078
1289.4357514381	1.0001316071	4.1120004654
1290.4358086586	1.0001345873	4.1122326851
1291.4358658791	1.0001291037	4.1124467850
1292.4359230995	1.0001276731	4.1126642227
1293.4359803200	1.0001319647	4.1129183769
1294.4360375404	1.0001267195	4.1131234169
1295.4360947609	1.0001264811	4.1133480072
1296.4361519814	1.0001233816	4.1135864258
1297.4362092018	1.0001267195	4.1138339043
1298.4362664223	1.0001209974	4.1140484810
1299.4363236427	1.0001277924	4.1142687798
1300.4363803864	1.0001258850	4.1145191193
1301.4364376068	1.0001281500	4.1147389412
1302.4364948273	1.0001230240	4.1149778366
1303.4365520477	1.0001283884	4.1151981354
1304.4366092682	1.0001262426	4.1154379845
1305.4366664886	1.0001317263	4.1156749725
1306.4367237091	1.0001281500	4.1158895493
1307.4357810020	1.0001258850	4.1160964966
1308.4358382225	1.0001306534	4.1163372993
1309.4358954430	1.0001198053	4.1165471077
1310.4359526634	1.0001344681	4.1167998314
1311.4360098839	1.0001304150	4.1170244217
1312.4360671043	1.0001240969	4.1172428131
1313.4361243248	1.0001274347	4.1174912453
1314.4361815453	1.0001227856	4.1176991463
1315.4362387657	1.0001262426	4.1179342270
1316.4362959862	1.0001208782	4.1181688309
1317.4363532066	1.0001273155	4.1183896065
1318.4364104271	1.0001238585	4.1186385155
1319.4364676476	1.0001262426	4.1188626289
1320.4365243912	1.0001311302	4.1191005707
1321.4365816116	1.0001245737	4.1193332672
1322.4366388321	1.0001311302	4.1195597649
1323.4366960526	1.0001276731	4.1198029518
1324.4357533455	1.0001313686	4.1200251579
1325.4358105659	1.0001294613	4.1202597618
1326.4358677864	1.0001305342	4.1204867363
1327.4359250069	1.0001281500	4.1207108498
1328.4359822273	1.0001258850	4.1209421158
1329.4360394478	1.0001318455	4.1211814880
1330.4360966682	1.0001263618	4.1214070320
1331.4361538887	1.0001343489	4.1216468811
1332.4362111092	1.0001267195	4.1218724251
1333.4362683296	1.0001293421	4.1220989227
1334.4363255501	1.0001320839	4.1223492622
1335.4363827705	1.0001299381	4.1225533485
1336.4364399910	1.0001276731	4.1227946281
1337.4364972115	1.0001378059	4.1230201721
1338.4365544319	1.0001291037	4.1232628822
1339.4366116524	1.0001324415	4.1234903336
1340.4366683960	1.0001273155	4.1237215996
1341.4367256165	1.0001367331	4.1239576340
1342.4357829094	1.0001370907	4.1241912842
1343.4358401299	1.0001294613	4.1244235039
1344.4358973503	1.0001406670	4.1246447563
1345.4359545708	1.0001341105	4.1248707771
1346.4360117912	1.0001381636	4.1251168251
1347.4360690117	1.0001382828	4.1253523827
1348.4361262321	1.0001341105	4.1255707741
1349.4361834526	1.0001357794	4.1258211136
1350.4362406731	1.0001298189	4.1260576248
1351.4362978935	1.0001349449	4.1262841225
1352.4363551140	1.0001343489	4.1265172958
1353.4364123344	1.0001320839	4.1267447472
1354.4364695549	1.0001337528	4.1269874573
1355.4365267754	1.0001332760	4.1272377968
1356.4365839958	1.0001386404	4.1274595261
1357.4366412163	1.0001289845	4.1276965141
1358.4366984367	1.0001386404	4.1279411316
1359.4357552528	1.0001343489	4.1281619072
1360.4358124733	1.0001320839	4.1283836365
1361.4358696938	1.0001348257	4.1286144257
1362.4359269142	1.0001331568	4.1288738251
1363.4359841347	1.0001363754	4.1291131973
1364.4360413551	1.0001323223	4.1293549538
1365.4360985756	1.0001345873	4.1295723915
1366.4361557961	1.0001320839	4.1298069954
1367.4362130165	1.0001312494	4.1300606728
1368.4362702370	1.0001296997	4.1302771568
1369.4363274574	1.0001294613	4.1305041313
1370.4363846779	1.0001351833	4.1307501793
1371.4364418983	1.0001311302	4.1309890747
1372.4364991188	1.0001368523	4.1312088966
1373.4365563393	1.0001312494	4.1314668655
1374.4366135597	1.0001329184	4.1316776276
1375.4366707802	1.0001319647	4.1319208145
1376.4367280006	1.0001285076	4.1321468353
1377.4357848167	1.0001289845	4.1323957443
1378.4358420372	1.0001267195	4.1326270103
1379.4358987808	1.0001337528	4.1328716278
1380.4359564781	1.0001287460	4.1330943108
1381.4360132217	1.0001308918	4.1333274841
1382.4360709190	1.0001246929	4.1335625648
1383.4361276627	1.0001268387	4.1337847710
1384.4361853600	1.0001270771	4.1340312958
1385.4362421036	1.0001245737	4.1342544556
1386.4362998009	1.0001274347	4.1345090866
1387.4363565445	1.0001273155	4.1347250938
1388.4364142418	1.0001320839	4.1349816322
1389.4364709854	1.0001296997	4.1352176666
1390.4365286827	1.0001306534	4.1354374886
1391.4365854263	1.0001269579	4.1356759071
1392.4366431236	1.0001214743	4.1358795166
1393.4366998672	1.0001295805	4.1361513138
1394.4357571602	1.0001289845	4.1363849640
1395.4358143806	1.0001285076	4.1366152763
1396.4358716011	1.0001277924	4.1368527412
1397.4359288216	1.0001337528	4.1370964050
1398.4359860420	1.0001345873	4.1373310089
1399.4360427856	1.0001227856	4.1375484467
1400.4361000061	1.0001295805	4.1377935410
1401.4361572266	1.0001269579	4.1380228996
1402.4362144470	1.0001267195	4.1382446289
1403.4362716675	1.0001242161	4.1384944916
1404.4363288879	1.0001276731	4.1387305260
1405.4363861084	1.0001235008	4.1389703751
1406.4364433289	1.0001271963	4.1392030716
1407.4365005493	1.0001267195	4.1394448280
1408.4365577698	1.0001270771	4.1396875381
1409.4366149902	1.0001276731	4.1399149895
1410.4366722107	1.0001306534	4.1401538849
1411.4367294312	1.0001280308	4.1403875351
1412.4357867241	1.0001249313	4.1406216621
1413.4358439445	1.0001319647	4.1408791542
1414.4359011650	1.0001268387	4.1411190033
1415.4359583855	1.0001289845	4.1413402557
1416.4360156059	1.0001263618	4.1416077614
1417.4360728264	1.0001232624	4.1418180466
1418.4361300468	1.0001288652	4.1420574188
1419.4361867905	1.0001240969	4.1422834396
1420.4362440109	1.0001267195	4.1425199509
1421.4363012314	1.0001258850	4.1427659988
1422.4363584518	1.0001275539	4.1429810524
1423.4364156723	1.0001217127	4.1432228088
1424.4364728928	1.0001237392	4.1434721947
1425.4365301132	1.0001238585	4.1437058449
1426.4365873337	1.0001235008	4.1439499855
1427.4366445541	1.0001255274	4.1441888809
1428.4367017746	1.0001285076	4.1444468498
1429.4357590675	1.0001296997	4.1446723938
1430.4358162880	1.0001312494	4.1448988914
1431.4358735085	1.0001190901	4.1451349258
1432.4359307289	1.0001242161	4.1453742981
1433.4359879494	1.0001266003	4.1456265450
1434.4360451698	1.0001219511	4.1458735466
1435.4361023903	1.0001220703	4.1461038589
1436.4361596107	1.0001267195	4.1463432312
1437.4362168312	1.0001251698	4.1465706825
1438.4362740517	1.0001224279	4.1468157768
1439.4363307953	1.0001271963	4.1470394135
1440.4363880157	1.0001262426	4.1472778320
1441.4364452362	1.0001263618	4.1475329399
1442.4365024567	1.0001302958	4.1477580070
1443.4365596771	1.0001227856	4.1480064392
1444.4366168976	1.0001232624	4.1482291222
1445.4366741180	1.0001258850	4.1484737396
1446.4367313385	1.0001232624	4.1487121582
1447.4357886314	1.0001246929	4.1489434242
1448.4358458519	1.0001274347	4.1491813660
1449.4359030724	1.0001212358	4.1494250298
1450.4359602928	1.0001276731	4.1496772766
1451.4360175133	1.0001201630	4.1499066353
1452.4360747337	1.0001280308	4.1501417160
1453.4361319542	1.0001232624	4.1504011154
1454.4361891747	1.0001244545	4.1506195068
1455.4362463951	1.0001319647	4.1508574486
1456.4363036156	1.0001236200	4.1511068344
1457.4363608360	1.0001298189	4.1513471603
1458.4364175797	1.0001355410	4.1515974998
1459.4364748001	1.0001264811	4.1518197060
1460.4365320206	1.0001231432	4.1520581245
1461.4365892410	1.0001302958	4.1522889137
1462.4366464615	1.0001267195	4.1525311470
1463.4367036819	1.0001157522	4.1527504921
1464.4357609749	1.0001283884	4.1530022621
1465.4358181953	1.0001316071	4.1532478333
1466.4358754158	1.0001267195	4.1534762383
1467.4359326363	1.0001282692	4.1537084579
1468.4359898567	1.0001300573	4.1539773941
1469.4360470772	1.0001254082	4.1542081833
1470.4361042976	1.0001276731	4.1544265747
1471.4361615181	1.0001274347	4.1546745300
1472.4362187386	1.0001229048	4.1548852921
1473.4362759590	1.0001277924	4.1551413536
1474.4363331795	1.0001246929	4.1553626060
1475.4363903999	1.0001266003	4.1556191444
1476.4364476204	1.0001252890	4.1558499336
1477.4365048409	1.0001274347	4.1561036110
1478.4365615845	1.0001244545	4.1563348770
1479.4366188049	1.0001255274	4.1565785408
1480.4366760254	1.0001246929	4.1568126678
1481.4357333183	1.0001277924	4.1570477486
1482.4357905388	1.0001288652	4.1572780609
1483.4358477592	1.0001236200	4.1575250626
1484.4359049797	1.0001270771	4.1577625275
1485.4359622002	1.0001249313	4.1579985619
1486.4360194206	1.0001263618	4.1582236290
1487.4360766411	1.0001219511	4.1584744453
1488.4361338615	1.0001280308	4.1587147713
1489.4361910820	1.0001298189	4.1589498520
1490.4362483025	1.0001249313	4.1591706276
1491.4363055229	1.0001254082	4.1594080925
1492.4363627434	1.0001311302	4.1596660614
1493.4364199638	1.0001288652	4.1598987579
1494.4364771843	1.0001277924	4.1601390839
1495.4365344048	1.0001223087	4.1603770256
1496.4365916252	1.0001293421	4.1606235504
1497.4366488457	1.0001271963	4.1608629227
1498.4367055893	1.0001258850	4.1610879898
1499.4357628822	1.0001314878	4.1613192558
1500.4358196259	1.0001249313	4.1615457535
1501.4358773232	1.0001286268	4.1617860794
1502.4359340668	1.0001243353	4.1620373726
1503.4359917641	1.0001281500	4.1622719765
1504.4360485077	1.0001270771	4.1625185013
1505.4361062050	1.0001181364	4.1627564430
1506.4361629486	1.0001264811	4.1629872322
1507.4362206459	1.0001258850	4.1632356644
1508.4362773895	1.0001240969	4.1634564400
1509.4363350868	1.0001243353	4.1637077332
1510.4363918304	1.0001186132	4.1639266014
1511.4364495277	1.0001237392	4.1641726494
1512.4365062714	1.0001271963	4.1643967628
1513.4365639687	1.0001227856	4.1646509171
1514.4366207123	1.0001237392	4.1648793221
1515.4366784096	1.0001233816	4.1651287079
1516.4357352257	1.0001271963	4.1653642654
1517.4357924461	1.0001276731	4.1656174660
1518.4358491898	1.0001281500	4.1658372879
1519.4359064102	1.0001327991	4.1660842896
1520.4359636307	1.0001261234	4.1663036346
1521.4360208511	1.0001266003	4.1665506363
1522.4360780716	1.0001296997	4.1667976379
1523.4361352921	1.0001300573	4.1670293808
1524.4361925125	1.0001252890	4.1672563553
1525.4362497330	1.0001246929	4.1674904823
1526.4363069534	1.0001274347	4.1677417755
1527.4363641739	1.0001245737	4.1679925919
1528.4364213943	1.0001280308	4.1682214737
1529.4364786148	1.0001337528	4.1684751511
1530.4365358353	1.0001257658	4.1686859131
1531.4365930557	1.0001336336	4.1689233780
1532.4366502762	1.0001317263	4.1691799164
1533.4367074966	1.0001271963	4.1693978310
1534.4357647896	1.0001304150	4.1696391106
1535.4358220100	1.0001261234	4.1698918343
1536.4358792305	1.0001330376	4.1701273918
1537.4359364510	1.0001276731	4.1703510284
1538.4359931946	1.0001239777	4.1705894470
1539.4360504150	1.0001355410	4.1708297729
1540.4361076355	1.0001249313	4.1710629463
1541.4361648560	1.0001314878	4.1713137627
1542.4362220764	1.0001295805	4.1715455055
1543.4362792969	1.0001279116	4.1717753410
1544.4363365173	1.0001269579	4.1720108986
1545.4363937378	1.0001256466	4.1722474098
1546.4364509583	1.0001337528	4.1724967957
1547.4365081787	1.0001294613	4.1727209091
1548.4365653992	1.0001317263	4.1729640961
1549.4366226196	1.0001271963	4.1732091904
1550.4366798401	1.0001329184	4.1734609604
1551.4357371330	1.0001319647	4.1736860275
1552.4357943535	1.0001213551	4.1739215851
1553.4358515739	1.0001329184	4.1741518974
1554.4359087944	1.0001229048	4.1743965149
1555.4359660149	1.0001277924	4.1746349335
1556.4360232353	1.0001276731	4.1748700142
1557.4360804558	1.0001286268	4.1750941277
1558.4361371994	1.0001319647	4.1753401756
1559.4361944199	1.0001298189	4.1755747795
1560.4362516403	1.0001349449	4.1758213043
1561.4363088608	1.0001289845	4.1760540009
1562.4363660812	1.0001325607	4.1762919426
1563.4364233017	1.0001237392	4.1765265465
1564.4364805222	1.0001299381	4.1767635345
1565.4365377426	1.0001267195	4.1769914627
1566.4365949631	1.0001298189	4.1772336960
1567.4366521835	1.0001263618	4.1774644852
1568.4367094040	1.0001261234	4.1776995659
1569.4357666969	1.0001308918	4.1779379845
1570.4358239174	1.0001296997	4.1781773567
1571.4358811378	1.0001338720	4.1784162521
1572.4359383583	1.0001227856	4.1786527634
1573.4359955788	1.0001311302	4.1788792610
1574.4360527992	1.0001319647	4.1791219711
1575.4361100197	1.0001239777	4.1793665886
1576.4361672401	1.0001248121	4.1795964241
1577.4362239838	1.0001332760	4.1798586845
1578.4362812042	1.0001254082	4.1800827980
1579.4363384247	1.0001261234	4.1802849770
1580.4363956451	1.0001258850	4.1805362701
1581.4364528656	1.0001227856	4.1807723045
1582.4365100861	1.0001330376	4.1810221672
1583.4365673065	1.0001240969	4.1812438965
1584.4366245270	1.0001257658	4.1814723015
1585.4366817474	1.0001258850	4.1816964149
1586.4357390404	1.0001277924	4.1819601059
1587.4357962608	1.0001291037	4.1821866035
1588.4358534813	1.0001286268	4.1824321747
1589.4359107018	1.0001287460	4.1826639175
1590.4359679222	1.0001267195	4.1828823090
1591.4360251427	1.0001267195	4.1831192970
1592.4360823631	1.0001308918	4.1833620071
1593.4361395836	1.0001280308	4.1836023331
1594.4361968040	1.0001209974	4.1838469505
1595.4362540245	1.0001276731	4.1840834618
1596.4363112450	1.0001268387	4.1842913628
1597.4363679886	1.0001264811	4.1845307350
1598.4364252090	1.0001299381	4.1847839355
1599.4364824295	1.0001364946	4.1850371361
1600.4365396500	1.0001300573	4.1852645874
1601.4365968704	1.0001366138	4.1854987144
1602.4366540909	1.0001324415	4.1857223511
1603.4367113113	1.0001347065	4.1859507561
1604.4357686043	1.0001401901	4.1861929893
1605.4358258247	1.0001294613	4.1864175797
1606.4358830452	1.0001345873	4.1866474152
1607.4359402657	1.0001262426	4.1868896484
1608.4359974861	1.0001348257	4.1871242523
1609.4360547066	1.0001271963	4.1873459816
1610.4361119270	1.0001319647	4.1875782013
1611.4361691475	1.0001311302	4.1878261566
1612.4362263680	1.0001302958	4.1880702972
1613.4362835884	1.0001351833	4.1882872581
1614.4363408089	1.0001286268	4.1885285378
1615.4363980293	1.0001345873	4.1887626648
1616.4364552498	1.0001350641	4.1890006065
1617.4365119934	1.0001313686	4.1892604828
1618.4365692139	1.0001348257	4.1894865036
1619.4366264343	1.0001276731	4.1897139549
1620.4366836548	1.0001301765	4.1899700165
1621.4357404709	1.0001218319	4.1901860237
1622.4357981682	1.0001317263	4.1904301643
1623.4358549118	1.0001243353	4.1906428337
1624.4359126091	1.0001206398	4.1908712387
1625.4359693527	1.0001300573	4.1911253929
1626.4360270500	1.0001261234	4.1913757324
1627.4360837936	1.0001268387	4.1915941238
1628.4361414909	1.0001269579	4.1918110847
1629.4361982346	1.0001276731	4.1920733452
1630.4362559319	1.0001304150	4.1923050880
1631.4363126755	1.0001266003	4.1925382614
1632.4363703728	1.0001276731	4.1927704811
1633.4364271164	1.0001301765	4.1930136681
1634.4364848137	1.0001218319	4.1932420731
1635.4365415573	1.0001306534	4.1934752464
1636.4365992546	1.0001283884	4.1937136650
1637.4366559982	1.0001233816	4.1939492226
1638.4367132187	1.0001327991	4.1941766739
1639.4357700348	1.0001308918	4.1944212914
1640.4358272552	1.0001223087	4.1946554184
1641.4358844757	1.0001289845	4.1948814392
1642.4359416962	1.0001238585	4.1951279640
1643.4359989166	1.0001327991	4.1953611374
1644.4360561371	1.0001270771	4.1955800056
1645.4361133575	1.0001344681	4.1958079338
1646.4361705780	1.0001269579	4.1960339546
1647.4362277985	1.0001306534	4.1962761879
1648.4362850189	1.0001211166	4.1965003014
1649.4363422394	1.0001242161	4.1967248917
1650.4363994598	1.0001223087	4.1969881058
1651.4364566803	1.0001261234	4.1972217560
1652.4365139008	1.0001236200	4.1974406242
1653.4365711212	1.0001320839	4.1976976395
1654.4366283417	1.0001243353	4.1979165077
1655.4366855621	1.0001229048	4.1981420517
1656.4357428551	1.0001196861	4.1983814240
1657.4357995987	1.0001255274	4.1986074448
1658.4358568192	1.0001250505	4.1988358498
1659.4359140396	1.0001276731	4.1990685463
1660.4359712601	1.0001239777	4.1993188858
1661.4360284805	1.0001267195	4.1995406151
1662.4360857010	1.0001264811	4.1997671127
1663.4361429214	1.0001224279	4.1999964714
1664.4362001419	1.0001282692	4.2002401352
1665.7902779579	1.0279186964	4.1997952461
1666.7903351784	1.0044418573	4.1997952461
1667.7903923988	0.9992808104	4.1997952461
1668.7904496193	0.9959713221	4.1997952461
1669.7905068398	0.9935879707	4.1997952461
1670.7905635834	0.9914377928	4.1997952461
1671.7906208038	0.9896494150	4.1997952461
1672.7906780243	0.9879057407	4.1997952461
1673.7897353172	0.9862061143	4.1997952461
1674.7897925377	0.9846857786	4.1997952461
1675.7898497581	0.9831994772	4.1997952461
1676.7899069786	0.9817646146	4.1997952461
1677.7899641991	0.9803910851	4.1997952461
1678.7900214195	0.9790675044	4.1997952461
1679.7900786400	0.9776662588	4.1997952461
1680.7901358604	0.9763340354	4.1997952461
1681.7901930809	0.9750044346	4.1997952461
1682.7902503014	0.9736834764	4.1997952461
1683.7903075218	0.9725395441	4.1997952461
1684.7903647423	0.9712164998	4.1997952461
1685.7904219627	0.9700122476	4.1997952461
1686.7904791832	0.9686875939	4.1997952461
1687.7905364037	0.9675226212	4.1997952461
1688.7905936241	0.9662901759	4.1997952461
1689.7906508446	0.9650853872	4.1997952461
1690.7907075882	0.9638948441	4.1997952461
1691.7897644043	0.9628514647	4.1997952461
1692.7898221016	0.9614940286	4.1997952461
1693.7898788452	0.9604677558	4.1997952461
1694.7899365425	0.9592150450	4.1997952461
1695.7899932861	0.9580540061	4.1997952461
1696.7900509834	0.9571347237	4.1997952461
1697.7901077271	0.9558210373	4.1997952461
1698.7901654243	0.9547035098	4.1997952461
1699.7902221680	0.9535855651	4.1997952461
1700.7902798653	0.9524699450	4.1997952461
1701.7903366089	0.9513613582	4.1997952461
1702.7903943062	0.9503257275	4.1997952461
1703.7904510498	0.9491366744	4.1997952461
1704.7905087471	0.9482830167	4.1997952461
1705.7905654907	0.9471622109	4.1997952461
1706.7906231880	0.9459905624	4.1997952461
1707.7906799316	0.9448558688	4.1997952461
1708.7897372246	0.9437373281	4.1997952461
1709.7897944450	0.9427158237	4.1997952461
1710.7898516655	0.9415302277	4.1997952461
1711.7899084091	0.9406349063	4.1997952461
1712.7899661064	0.9395638704	4.1997952461
1713.7900228500	0.9385057688	4.1997952461
1714.7900805473	0.9374243617	4.1997952461
1715.7901372910	0.9363834858	4.1997952461
1716.7901949883	0.9352988601	4.1997952461
1717.7902517319	0.9343771338	4.1997952461
1718.7903094292	0.9332377315	4.1997952461
1719.7903661728	0.9322910309	4.1997952461
1720.7904238701	0.9312543273	4.1997952461
1721.7904806137	0.9302647114	4.1997952461
1722.7905383110	0.9291675687	4.1997952461
1723.7905950546	0.9282402396	4.1997952461
1724.7906527519	0.9272266626	4.1997952461
1725.7907094955	0.9261273146	4.1997952461
1726.7897667885	0.9251518846	4.1997952461
1727.7898240089	0.9240870476	4.1997952461
1728.7898812294	0.9231518507	4.1997952461
1729.7899384499	0.9221649766	4.1997952461
1730.7899951935	0.9211032391	4.1997952461
1731.7900524139	0.9201942682	4.1997952461
1732.7901096344	0.9191863537	4.1997952461
1733.7901668549	0.9182243347	4.1997952461
1734.7902240753	0.9170515537	4.1997952461
1735.7902812958	0.9160921574	4.1997952461
1736.7903385162	0.9150077701	4.1997952461
1737.7903957367	0.9142010212	4.1997952461
1738.7904529572	0.9131354690	4.1997952461
1739.7905101776	0.9121451974	4.1997952461
1740.7905673981	0.9113097191	4.1997952461
1741.7906246185	0.9102859497	4.1997952461
1742.7906818390	0.9093353152	4.1997952461
1743.7897391319	0.9083314538	4.1997952461
1744.7897963524	0.9073678255	4.1997952461
1745.7898535728	0.9064405560	4.1997952461
1746.7899107933	0.9054287076	4.1997952461
1747.7899680138	0.9044359922	4.1997952461
1748.7900252342	0.9034387469	4.1997952461
1749.7900824547	0.9023617506	4.1997952461
1750.7901391983	0.9016083479	4.1997952461
1751.7901964188	0.9006034732	4.1997952461
1752.7902536392	0.8994586468	4.1997952461
1753.7903108597	0.8985720873	4.1997952461
1754.7903680801	0.8974993825	4.1997952461
1755.7904253006	0.8966495395	4.1997952461
1756.7904825211	0.8957178593	4.1997952461
1757.7905397415	0.8947715759	4.1997952461
1758.7905969620	0.8937534094	4.1997952461
1759.7906541824	0.8928288817	4.1997952461
1760.7907114029	0.8918247819	4.1997952461
1761.7897686958	0.8909367919	4.1997952461
1762.7898259163	0.8900221586	4.1997952461
1763.7898831367	0.8890526891	4.1997952461
1764.7899403572	0.8881298304	4.1997952461
1765.7899975777	0.8871989846	4.1997952461
1766.7900547981	0.8863603473	4.1997952461
1767.7901120186	0.8853110075	4.1997952461
1768.7901692390	0.8843901157	4.1997952461
1769.7902259827	0.8834122419	4.1997952461
1770.7902832031	0.8823660016	4.1997952461
1771.7903404236	0.8815574646	4.1997952461
1772.7903976440	0.8805287480	4.1997952461
1773.7904548645	0.8796915412	4.1997952461
1774.7905120850	0.8786597848	4.1997952461
1775.7905693054	0.8777536750	4.1997952461
1776.7906265259	0.8767981529	4.1997952461
1777.7906837463	0.8757886887	4.1997952461
1778.7897410393	0.8748809099	4.1997952461
1779.7897982597	0.8739839196	4.1997952461
1780.7898554802	0.8730234504	4.1997952461
1781.7899127007	0.8721299171	4.1997952461
1782.7899699211	0.8712565303	4.1997952461
1783.7900271416	0.8702778816	4.1997952461
1784.7900843620	0.8693566322	4.1997952461
1785.7901415825	0.8683655858	4.1997952461
1786.7901988029	0.8676281571	4.1997952461
1787.7902560234	0.8666533828	4.1997952461
1788.7903132439	0.8656487465	4.1997952461
1789.7903699875	0.8647108078	4.1997952461
1790.7904272079	0.8637221456	4.1997952461
1791.7904844284	0.8627668619	4.1997952461
1792.7905416489	0.8619791269	4.1997952461
1793.7905988693	0.8609951735	4.1997952461
1794.7906560898	0.8600330949	4.1997952461
1795.7907133102	0.8592236042	4.1997952461
1796.7897706032	0.8582599759	4.1997952461
1797.7898278236	0.8573222160	4.1997952461
1798.7898850441	0.8565354943	4.1997952461
1799.7899422646	0.8555430174	4.1997952461
1800.7899994850	0.8546361327	4.1997952461
1801.7900567055	0.8535576463	4.1997952461
1802.7901139259	0.8527042866	4.1997952461
1803.7901711464	0.8517737389	4.1997952461
1804.7902283669	0.8508000970	4.1997952461
1805.7902855873	0.8499383330	4.1997952461
1806.7903428078	0.8489364982	4.1997952461
1807.7904000282	0.8481259346	4.1997952461
1808.7904572487	0.8471649885	4.1997952461
1809.7905139923	0.8462849855	4.1997952461
1810.7905712128	0.8454182148	4.1997952461
1811.7906284332	0.8444408774	4.1997952461
1812.7906856537	0.8435368538	4.1997952461
1813.7897429466	0.8426771164	4.1997952461
1814.7897996902	0.8417843580	4.1997952461
1815.7898573875	0.8407683372	4.1997952461
1816.7899141312	0.8399330378	4.1997952461
1817.7899718285	0.8389163017	4.1997952461
1818.7900285721	0.8380619884	4.1997952461
1819.7900862694	0.8371735215	4.1997952461
1820.7901430130	0.8362613916	4.1997952461
1821.7902007103	0.8354004622	4.1997952461
1822.7902574539	0.8346000314	4.1997952461
1823.7903151512	0.8337906599	4.1997952461
1824.7903718948	0.8328564763	4.1997952461
1825.7904295921	0.8318869472	4.1997952461
1826.7904863358	0.8310250044	4.1997952461
1827.7905440331	0.8301198483	4.1997952461
1828.7906007767	0.8290880322	4.1997952461
1829.7906579971	0.8283209801	4.1997952461
1830.7907152176	0.8273379207	4.1997952461
1831.7897725105	0.8263908625	4.1997952461
1832.7898292542	0.8255868554	4.1997952461
1833.7898869514	0.8246674538	4.1997952461
1834.7899436951	0.8238087893	4.1997952461
1835.7900013924	0.8228731751	4.1997952461
1836.7900581360	0.8219650388	4.1997952461
1837.7901158333	0.8210418224	4.1997952461
1838.7901725769	0.8202551007	4.1997952461
1839.7902302742	0.8193398118	4.1997952461
1840.7902870178	0.8184557557	4.1997952461
1841.7903447151	0.8176431060	4.1997952461
1842.7904014587	0.8165295720	4.1997952461
1843.7904591560	0.8158150911	4.1997952461
1844.7905158997	0.8148030639	4.1997952461
1845.7905735970	0.8139393926	4.1997952461
1846.7906303406	0.8130922318	4.1997952461
1847.7906880379	0.8121180534	4.1997952461
1848.7897448540	0.8111878633	4.1997952461
1849.7898015976	0.8103083372	4.1997952461
1850.7898588181	0.8095604181	4.1997952461
1851.7899160385	0.8085732460	4.1997952461
1852.7899732590	0.8076906204	4.1997952461
1853.7900304794	0.8066855073	4.1997952461
1854.7900876999	0.8059180975	4.1997952461
1855.7901449203	0.8049560785	4.1997952461
1856.7902021408	0.8041792512	4.1997952461
1857.7902593613	0.8031718135	4.1997952461
1858.7903165817	0.8023942709	4.1997952461
1859.7903738022	0.8014745116	4.1997952461
1860.7904310226	0.8005124927	4.1997952461
1861.7904882431	0.7996587157	4.1997952461
1862.7905454636	0.7987203002	4.1997952461
1863.7906026840	0.7978588939	4.1997952461
1864.7906599045	0.7970349193	4.1997952461
1865.7907171249	0.7961644530	4.1997952461
1866.7897744179	0.7952885032	4.1997952461
1867.7898316383	0.7944085002	4.1997952461
1868.7898883820	0.7936109900	4.1997952461
1869.7899456024	0.7926630974	4.1997952461
1870.7900028229	0.7918121219	4.1997952461
1871.7900600433	0.7907916307	4.1997952461
1872.7901172638	0.7900063396	4.1997952461
1873.7901744843	0.7891368270	4.1997952461
1874.7902317047	0.7882305384	4.1997952461
1875.7902889252	0.7874092460	4.1997952461
1876.7903461456	0.7865244746	4.1997952461
1877.7904033661	0.7856355309	4.1997952461
1878.7904605865	0.7847049236	4.1997952461
1879.7905178070	0.7839098573	4.1997952461
1880.7905750275	0.7830425501	4.1997952461
1881.7906322479	0.7821000218	4.1997952461
1882.7906894684	0.7812665105	4.1997952461
1883.7897467613	0.7804425955	4.1997952461
1884.7898039818	0.7795571685	4.1997952461
1885.7898612022	0.7787105441	4.1997952461
1886.7899184227	0.7778018713	4.1997952461
1887.7899756432	0.7769706249	4.1997952461
1888.7900323868	0.7759566307	4.1997952461
1889.7900896072	0.7750970125	4.1997952461
1890.7901468277	0.7742251158	4.1997952461
1891.7902040482	0.7733948231	4.1997952461
1892.7902612686	0.7725440264	4.1997952461
1893.7903184891	0.7716913223	4.1997952461
1894.7903757095	0.7706776261	4.1997952461
1895.7904329300	0.7699015737	4.1997952461
1896.7904901505	0.7689527869	4.1997952461
1897.7905473709	0.7680795789	4.1997952461
1898.7906045914	0.7671931386	4.1997952461
1899.7906618118	0.7663006783	4.1997952461
1900.7907190323	0.7654895782	4.1997952461
1901.7897763252	0.7645047307	4.1997952461
1902.7898335457	0.7635613680	4.1997952461
1903.7898907661	0.7628307939	4.1997952461
1904.7899479866	0.7619322538	4.1997952461
1905.7900052071	0.7610712051	4.1997952461
1906.7900624275	0.7603022456	4.1997952461
1907.7901196480	0.7592964172	4.1997952461
1908.7901763916	0.7584233284	4.1997952461
1909.7902336121	0.7577615380	4.1997952461
1910.7902908325	0.7568449974	4.1997952461
1911.7903480530	0.7560456395	4.1997952461
1912.7904052734	0.7552326322	4.1997952461
1913.7904624939	0.7543494701	4.1997952461
1914.7905197144	0.7533431053	4.1997952461
1915.7905769348	0.7524815202	4.1997952461
1916.7906341553	0.7516905665	4.1997952461
1917.7906913757	0.7508599758	4.1997952461
1918.7897486687	0.7498939037	4.1997952461
1919.7898058891	0.7490824461	4.1997952461
1920.7898631096	0.7481356263	4.1997952461
1921.7899203300	0.7473577261	4.1997952461
1922.7899775505	0.7465333939	4.1997952461
1923.7900347710	0.7457125187	4.1997952461
1924.7900919914	0.7448922992	4.1997952461
1925.7901492119	0.7440604568	4.1997952461
1926.7902064323	0.7432129979	4.1997952461
1927.7902636528	0.7422976494	4.1997952461
1928.7903203964	0.7414340973	4.1997952461
1929.7903776169	0.7405672669	4.1997952461
1930.7904348373	0.7396230102	4.1997952461
1931.7904920578	0.7388210893	4.1997952461
1932.7905492783	0.7378917933	4.1997952461
1933.7906064987	0.7372242808	4.1997952461
1934.7906637192	0.7362469435	4.1997952461
1935.7907209396	0.7353891730	4.1997952461
1936.7897782326	0.7346019149	4.1997952461
1937.7898349762	0.7338430882	4.1997952461
1938.7898926735	0.7329061627	4.1997952461
1939.7899494171	0.7319642305	4.1997952461
1940.7900071144	0.7311244011	4.1997952461
1941.7900638580	0.7304163575	4.1997952461
1942.7901215553	0.7294530869	4.1997952461
1943.7901782990	0.7285364866	4.1997952461
1944.7902359962	0.7276984453	4.1997952461
1945.7902927399	0.7268764377	4.1997952461
1946.7903504372	0.7259411812	4.1997952461
1947.7904071808	0.7252550721	4.1997952461
1948.7904644012	0.7244180441	4.1997952461
1949.7905216217	0.7235255241	4.1997952461
1950.7905788422	0.7226237655	4.1997952461
1951.7906355858	0.7217555642	4.1997952461
1952.7906932831	0.7209364772	4.1997952461
1953.7897500992	0.7201327682	4.1997952461
1954.7898077965	0.7192658186	4.1997952461
1955.7898645401	0.7183513641	4.1997952461
1956.7899222374	0.7175155878	4.1997952461
1957.7899789810	0.7166843414	4.1997952461
1958.7900366783	0.7158634663	4.1997952461
1959.7900934219	0.7150395513	4.1997952461
1960.7901511192	0.7142089605	4.1997952461
1961.7902078629	0.7133933902	4.1997952461
1962.7902655602	0.7125309110	4.1997952461
1963.7903223038	0.7116945386	4.1997952461
1964.7903800011	0.7109668255	4.1997952461
1965.7904367447	0.7099661231	4.1997952461
1966.7904944420	0.7092111111	4.1997952461
1967.7905511856	0.7083359957	4.1997952461
1968.7906084061	0.7075622082	4.1997952461
1969.7906656265	0.7066726685	4.1997952461
1970.7907228470	0.7059138417	4.1997952461
1971.7897796631	0.7051222920	4.1997952461
1972.7898368835	0.7042576075	4.1997952461
1973.7898941040	0.7034462094	4.1997952461
1974.7899513245	0.7024496198	4.1997952461
1975.7900085449	0.7017916441	4.1997952461
1976.7900657654	0.7009306550	4.1997952461
1977.7901229858	0.7001830339	4.1997952461
1978.7901802063	0.6993169785	4.1997952461
1979.7902374268	0.6982766390	4.1997952461
1980.7902946472	0.6975731850	4.1997952461
1981.7903518677	0.6968145370	4.1997952461
1982.7904090881	0.6958849430	4.1997952461
1983.7904663086	0.6951212883	4.1997952461
1984.7905235291	0.6943063140	4.1997952461
1985.7905807495	0.6934036016	4.1997952461
1986.7906379700	0.6925711632	4.1997952461
1987.7906951904	0.6917007565	4.1997952461
1988.7897520065	0.6908617020	4.1997952461
1989.7898092270	0.6899657845	4.1997952461
1990.7898664474	0.6891691089	4.1997952461
1991.7899236679	0.6883072853	4.1997952461
1992.7899808884	0.6874410510	4.1997952461
1993.7900381088	0.6866918206	4.1997952461
1994.7900953293	0.6857753992	4.1997952461
1995.7901525497	0.6849696636	4.1997952461
1996.7902097702	0.6842899919	4.1997952461
1997.7902669907	0.6834723353	4.1997952461
1998.7903242111	0.6826354265	4.1997952461
1999.7903814316	0.6818138361	4.1997952461
2000.7904386520	0.6810712814	4.1997952461
2001.7904958725	0.6801078320	4.1997952461
2002.7905530930	0.6793764234	4.1997952461
2003.7906103134	0.6785908341	4.1997952461
2004.7906675339	0.6777947545	4.1997952461
2005.7907247543	0.6770600080	4.1997952461
2006.7897820473	0.6761078835	4.1997952461
2007.7898387909	0.6754597425	4.1997952461
2008.7898960114	0.6745636463	4.1997952461
2009.7899532318	0.6736299992	4.1997952461
2010.7900104523	0.6728526950	4.1997952461
2011.7900676727	0.6721981764	4.1997952461
2012.7901248932	0.6713134050	4.1997952461
2013.7901821136	0.6704834104	4.1997952461
2014.7902393341	0.6696400046	4.1997952461
2015.7902965546	0.6689342856	4.1997952461
2016.7903537750	0.6679804921	4.1997952461
2017.7904109955	0.6673257947	4.1997952461
2018.7904682159	0.6665055156	4.1997952461
2019.7905254364	0.6656610966	4.1997952461
2020.7905826569	0.6648672819	4.1997952461
2021.7906398773	0.6640416384	4.1997952461
2022.7906970978	0.6632466316	4.1997952461
2023.7897543907	0.6625042558	4.1997952461
2024.7898116112	0.6616643667	4.1997952461
2025.7898688316	0.6608193517	4.1997952461
2026.7899260521	0.6600363255	4.1997952461
2027.7899827957	0.6592023969	4.1997952461
2028.7900400162	0.6584000587	4.1997952461
2029.7900972366	0.6576371789	4.1997952461
2030.7901544571	0.6566689014	4.1997952461
2031.7902116776	0.6559900045	4.1997952461
2032.7902688980	0.6551125050	4.1997952461
2033.7903261185	0.6544921398	4.1997952461
2034.7903833389	0.6535707116	4.1997952461
2035.7904405594	0.6527581215	4.1997952461
2036.7904977798	0.6519282460	4.1997952461
2037.7905550003	0.6511284113	4.1997952461
2038.7906122208	0.6504233479	4.1997952461
2039.7906694412	0.6495578289	4.1997952461
2040.7907266617	0.6487772465	4.1997952461
2041.7897839546	0.6480008364	4.1997952461
2042.7898411751	0.6472005844	4.1997952461
2043.7898983955	0.6462708712	4.1997952461
2044.7899556160	0.6455863714	4.1997952461
2045.7900128365	0.6448230743	4.1997952461
2046.7900695801	0.6441310048	4.1997952461
2047.7901268005	0.6432548165	4.1997952461
2048.7901840210	0.6424594522	4.1997952461
2049.7902412415	0.6417047381	4.1997952461
2050.7902984619	0.6408212185	4.1997952461
2051.7903556824	0.6401738524	4.1997952461
2052.7904129028	0.6393023729	4.1997952461
2053.7904701233	0.6385028958	4.1997952461
2054.7905273438	0.6376997232	4.1997952461
2055.7905845642	0.6369140148	4.1997952461
2056.7906417847	0.6362836361	4.1997952461
2057.7906990051	0.6354514360	4.1997952461
2058.7897558212	0.6346794963	4.1997952461
2059.7898135185	0.6339468956	4.1997952461
2060.7898702621	0.6331157684	4.1997952461
2061.7899279594	0.6323218942	4.1997952461
2062.7899847031	0.6316493154	4.1997952461
2063.7900424004	0.6306806803	4.1997952461
2064.7900991440	0.6299756765	4.1997952461
2065.7901568413	0.6292627454	4.1997952461
2066.7902135849	0.6284209490	4.1997952461
2067.7902708054	0.6277706027	4.1997952461
2068.7903280258	0.6268581152	4.1997952461
2069.7903852463	0.6260387897	4.1997952461
2070.7904419899	0.6253724098	4.1997952461
2071.7904996872	0.6246989965	4.1997952461
2072.7905564308	0.6237873435	4.1997952461
2073.7906141281	0.6230396032	4.1997952461
2074.7906708717	0.6222743988	4.1997952461
2075.7907285690	0.6214486957	4.1997952461
2076.7897853851	0.6208195090	4.1997952461
2077.7898430824	0.6200302243	4.1997952461
2078.7898998260	0.6192115545	4.1997952461
2079.7899575233	0.6185344458	4.1997952461
2080.7900142670	0.6178353429	4.1997952461
2081.7900719643	0.6169142127	4.1997952461
2082.7901287079	0.6162295341	4.1997952461
2083.7901864052	0.6154403090	4.1997952461
2084.7902431488	0.6147819757	4.1997952461
2085.7903008461	0.6139157414	4.1997952461
2086.7903575897	0.6132771373	4.1997952461
2087.7904148102	0.6124753356	4.1997952461
2088.7904720306	0.6116079092	4.1997952461
2089.7905292511	0.6109096408	4.1997952461
2090.7905859947	0.6101948619	4.1997952461
2091.7906436920	0.6093863249	4.1997952461
2092.7907004356	0.6086663604	4.1997952461
2093.7897577286	0.6078817844	4.1997952461
2094.7898149490	0.6072291732	4.1997952461
2095.7898721695	0.6064695716	4.1997952461
2096.7899293900	0.6058954597	4.1997952461
2097.7899866104	0.6050398946	4.1997952461
2098.7900438309	0.6041765213	4.1997952461
2099.7901010513	0.6034635901	4.1997952461
2100.7901582718	0.6027626991	4.1997952461
2101.7902154922	0.6020046473	4.1997952461
2102.7902727127	0.6013489366	4.1997952461
2103.7903299332	0.6005765200	4.1997952461
2104.7903871536	0.5998575091	4.1997952461
2105.7904443741	0.5990625620	4.1997952461
2106.7905015945	0.5982416868	4.1997952461
2107.7905588150	0.5973615646	4.1997952461
2108.7906160355	0.5968299508	4.1997952461
2109.7906732559	0.5960721970	4.1997952461
2110.7907299995	0.5952888131	4.1997952461
2111.7897872925	0.5945290923	4.1997952461
2112.7898445129	0.5937438011	4.1997952461
2113.7899017334	0.5929447412	4.1997952461
2114.7899589539	0.5923159122	4.1997952461
2115.7900161743	0.5916220546	4.1997952461
2116.7900733948	0.5909125209	4.1997952461
2117.7901306152	0.5900135636	4.1997952461
2118.7901878357	0.5894277096	4.1997952461
2119.7902450562	0.5886952877	4.1997952461
2120.7903022766	0.5879650712	4.1997952461
2121.7903594971	0.5872232318	4.1997952461
2122.7904167175	0.5864478946	4.1997952461
2123.7904739380	0.5857586861	4.1997952461
2124.7905311584	0.5851090550	4.1997952461
2125.7905883789	0.5844094753	4.1997952461
2126.7906455994	0.5835526586	4.1997952461
2127.7907028198	0.5829027295	4.1997952461
2128.7897596359	0.5821971893	4.1997952461
2129.7898168564	0.5814208984	4.1997952461
2130.7898740768	0.5806412101	4.1997952461
2131.7899312973	0.5800471306	4.1997952461
2132.7899885178	0.5793893933	4.1997952461
2133.7900457382	0.5786266327	4.1997952461
2134.7901029587	0.5779165030	4.1997952461
2135.7901601791	0.5771055818	4.1997952461
2136.7902173996	0.5765709281	4.1997952461
2137.7902746201	0.5757928491	4.1997952461
2138.7903318405	0.5750918388	4.1997952461
2139.7903890610	0.5742723346	4.1997952461
2140.7904462814	0.5736265779	4.1997952461
2141.7905035019	0.5728439093	4.1997952461
2142.7905607224	0.5721367002	4.1997952461
2143.7906179428	0.5714637041	4.1997952461
2144.7906751633	0.5708752871	4.1997952461
2145.7897319794	0.5701424479	4.1997952461
2146.7897891998	0.5693686604	4.1997952461
2147.7898464203	0.5685423613	4.1997952461
2148.7899036407	0.5679402351	4.1997952461
2149.7899608612	0.5672819614	4.1997952461
2150.7900180817	0.5665611029	4.1997952461
2151.7900753021	0.5658288598	4.1997952461
2152.7901325226	0.5651175976	4.1997952461
2153.7901897430	0.5645619631	4.1997952461
2154.7902469635	0.5637750626	4.1997952461
2155.7903041840	0.5632746816	4.1997952461
2156.7903614044	0.5623203516	4.1997952461
2157.7904186249	0.5618095398	4.1997952461
2158.7904758453	0.5609973669	4.1997952461
2159.7905330658	0.5602922440	4.1997952461
2160.7905902863	0.5597745180	4.1997952461
2161.7906475067	0.5589559078	4.1997952461
2162.7907047272	0.5582823157	4.1997952461
2163.7897620201	0.5575373769	4.1997952461
2164.7898192406	0.5568645597	4.1997952461
2165.7898759842	0.5561722517	4.1997952461
2166.7899332047	0.5554555655	4.1997952461
2167.7899904251	0.5548720360	4.1997952461
2168.7900476456	0.5542035103	4.1997952461
2169.7901048660	0.5536295772	4.1997952461
2170.7901620865	0.5527901053	4.1997952461
2171.7902193069	0.5521408916	4.1997952461
2172.7902765274	0.5513385534	4.1997952461
2173.7903337479	0.5507795811	4.1997952461
2174.7903909683	0.5501697063	4.1997952461
2175.7904481888	0.5494300723	4.1997952461
2176.7905054092	0.5487785339	4.1997952461
2177.7905626297	0.5481903553	4.1997952461
2178.7906198502	0.5474992990	4.1997952461
2179.7906770706	0.5468777418	4.1997952461
2180.7897343636	0.5461801887	4.1997952461
2181.7897911072	0.5455286503	4.1997952461
2182.7898488045	0.5448030233	4.1997952461
2183.7899055481	0.5441230536	4.1997952461
2184.7899632454	0.5435549021	4.1997952461
2185.7900199890	0.5427635908	4.1997952461
2186.7900772095	0.5421633124	4.1997952461
2187.7901344299	0.5415291786	4.1997952461
2188.7901916504	0.5408279896	4.1997952461
2189.7902483940	0.5400845408	4.1997952461
2190.7903060913	0.5395161510	4.1997952461
2191.7903628349	0.5387243032	4.1997952461
2192.7904205322	0.5381981730	4.1997952461
2193.7904772758	0.5374087691	4.1997952461
2194.7905349731	0.5370028019	4.1997952461
2195.7905917168	0.5361716151	4.1997952461
2196.7906494141	0.5355254412	4.1997952461
2197.7907061577	0.5347822309	4.1997952461
2198.7897639275	0.5341996551	4.1997952461
2199.7898206711	0.5335519910	4.1997952461
2200.7898783684	0.5329313278	4.1997952461
2201.7899351120	0.5322249532	4.1997952461
2202.7899928093	0.5317279696	4.1997952461
2203.7900495529	0.5310236812	4.1997952461
2204.7901072502	0.5304060578	4.1997952461
2205.7901639938	0.5296566486	4.1997952461
2206.7902212143	0.5290459991	4.1997952461
2207.7902784348	0.5283816457	4.1997952461
2208.7903356552	0.5277224183	4.1997952461
2209.7903923988	0.5271685123	4.1997952461
2210.7904500961	0.5264526010	4.1997952461
2211.7905068398	0.5258579254	4.1997952461
2212.7905645370	0.5252777934	4.1997952461
2213.7906212807	0.5244889855	4.1997952461
2214.7906789780	0.5238780975	4.1997952461
2215.7897357941	0.5232936144	4.1997952461
2216.7897930145	0.5226920843	4.1997952461
2217.7898502350	0.5220893025	4.1997952461
2218.7899074554	0.5213421583	4.1997952461
2219.7899646759	0.5207549334	4.1997952461
2220.7900218964	0.5202467442	4.1997952461
2221.7900791168	0.5195351839	4.1997952461
2222.7901363373	0.5189164877	4.1997952461
2223.7901935577	0.5183588266	4.1997952461
2224.7902507782	0.5175799131	4.1997952461
2225.7903079987	0.5170419812	4.1997952461
2226.7903652191	0.5163922906	4.1997952461
2227.7904224396	0.5156495571	4.1997952461
2228.7904791832	0.5150529742	4.1997952461
2229.7905364037	0.5145030618	4.1997952461
2230.7905936241	0.5137847662	4.1997952461
2231.7906508446	0.5132157207	4.1997952461
2232.7907080650	0.5127339959	4.1997952461
2233.7897653580	0.5119637847	4.1997952461
2234.7898225784	0.5114437938	4.1997952461
2235.7898797989	0.5107541084	4.1997952461
2236.7899370193	0.5103056431	4.1997952461
2237.7899942398	0.5095680356	4.1997952461
2238.7900514603	0.5090749264	4.1997952461
2239.7901086807	0.5082833171	4.1997952461
2240.7901659012	0.5078170300	4.1997952461
2241.7902231216	0.5071408153	4.1997952461
2242.7902803421	0.5065599680	4.1997952461
2243.7903375626	0.5059540272	4.1997952461
2244.7903947830	0.5052256584	4.1997952461
2245.7904520035	0.5047534108	4.1997952461
2246.7905092239	0.5040531754	4.1997952461
2247.7905664444	0.5034503937	4.1997952461
2248.7906231880	0.5028634071	4.1997952461
2249.7906804085	0.5023151040	4.1997952461
2250.7897377014	0.5016174912	4.1997952461
2251.7897949219	0.5011259317	4.1997952461
2252.7898521423	0.5004801750	4.1997952461
2253.7899093628	0.4997833967	4.1997952461
2254.7899665833	0.4991129339	4.1997952461
2255.7900238037	0.4986463487	4.1997952461
2256.7900810242	0.4979968369	4.1997952461
2257.7901382446	0.4974575341	4.1997952461
2258.7901954651	0.4966612160	4.1997952461
2259.7902526855	0.4961873293	4.1997952461
2260.7903099060	0.4957088828	4.1997952461
2261.7903671265	0.4951209724	4.1997952461
2262.7904243469	0.4945304096	4.1997952461
2263.7904815674	0.4939194918	4.1997952461
2264.7905387878	0.4934224784	4.1997952461
2265.7905960083	0.4928715527	4.1997952461
2266.7906532288	0.4920133352	4.1997952461
2267.7907104492	0.4914869964	4.1997952461
2268.7897672653	0.4910632372	4.1997952461
2269.7898244858	0.4904967546	4.1997952461
2270.7898817062	0.4898313880	4.1997952461
2271.7899389267	0.4892901778	4.1997952461
2272.7899961472	0.4886399806	4.1997952461
2273.7900533676	0.4880612195	4.1997952461
2274.7901105881	0.4876343012	4.1997952461
2275.7901678085	0.4869866073	4.1997952461
2276.7902250290	0.4863374531	4.1997952461
2277.7902822495	0.4858375192	4.1997952461
2278.7903394699	0.4852593243	4.1997952461
2279.7903966904	0.4847260714	4.1997952461
2280.7904539108	0.4840526879	4.1997952461
2281.7905111313	0.4834596217	4.1997952461
2282.7905683517	0.4829037488	4.1997952461
2283.7906255722	0.4823438823	4.1997952461
2284.7906827927	0.4817558229	4.1997952461
2285.7897396088	0.4811463058	4.1997952461
2286.7897968292	0.4807504117	4.1997952461
2287.7898540497	0.4800324738	4.1997952461
2288.7899112701	0.4795407951	4.1997952461
2289.7899684906	0.4790566862	4.1997952461
2290.7900257111	0.4785246551	4.1997952461
2291.7900829315	0.4780325294	4.1997952461
2292.7901401520	0.4773882926	4.1997952461
2293.7901973724	0.4767297804	4.1997952461
2294.7902545929	0.4762131274	4.1997952461
2295.7903118134	0.4756004214	4.1997952461
2296.7903690338	0.4751665890	4.1997952461
2297.7904262543	0.4745424390	4.1997952461
2298.7904834747	0.4739204645	4.1997952461
2299.7905406952	0.4734241068	4.1997952461
2300.7905979156	0.4728401303	4.1997952461
2301.7906551361	0.4723462760	4.1997952461
2302.7907123566	0.4717093110	4.1997952461
2303.7897696495	0.4711885154	4.1997952461
2304.7898263931	0.4708070159	4.1997952461
2305.7898836136	0.4701016843	4.1997952461
2306.7899408340	0.4696645439	4.1997952461
2307.7899980545	0.4691224694	4.1997952461
2308.7900547981	0.4685023129	4.1997952461
2309.7901124954	0.4679732025	4.1997952461
2310.7901692390	0.4674155414	4.1997952461
2311.7902269363	0.4668900967	4.1997952461
2312.7902836800	0.4663622081	4.1997952461
2313.7903413773	0.4658223987	4.1997952461
2314.7903981209	0.4651614428	4.1997952461
2315.7904558182	0.4647157788	4.1997952461
2316.7905125618	0.4641587436	4.1997952461
2317.7905702591	0.4636205733	4.1997952461
2318.7906270027	0.4632298350	4.1997952461
2319.7906847000	0.4626783133	4.1997952461
2320.7897415161	0.4620215893	4.1997952461
2321.7897992134	0.4615689218	4.1997952461
2322.7898559570	0.4608688354	4.1997952461
2323.7899136543	0.4604195654	4.1997952461
2324.7899703979	0.4598136544	4.1997952461
2325.7900276184	0.4593244493	4.1997952461
2326.7900848389	0.4586588442	4.1997952461
2327.7901420593	0.4582877159	4.1997952461
2328.7901988029	0.4578152299	4.1997952461
2329.7902565002	0.4571480751	4.1997952461
2330.7903132439	0.4567912221	4.1997952461
2331.7903709412	0.4561470151	4.1997952461
2332.7904276848	0.4555902481	4.1997952461
2333.7904853821	0.4552227557	4.1997952461
2334.7905421257	0.4546764791	4.1997952461
2335.7905998230	0.4541957080	4.1997952461
2336.7906565666	0.4536089301	4.1997952461
2337.7907142639	0.4531279504	4.1997952461
2338.7897710800	0.4525651932	4.1997952461
2339.7898283005	0.4520826638	4.1997952461
2340.7898855209	0.4516432583	4.1997952461
2341.7899427414	0.4511083364	4.1997952461
2342.7899999619	0.4505636990	4.1997952461
2343.7900571823	0.4499983490	4.1997952461
2344.7901144028	0.4494214952	4.1997952461
2345.7901716232	0.4489463866	4.1997952461
2346.7902288437	0.4485934675	4.1997952461
2347.7902855873	0.4480513632	4.1997952461
2348.7903428078	0.4475664496	4.1997952461
2349.7904000282	0.4469339848	4.1997952461
2350.7904572487	0.4465271235	4.1997952461
2351.7905144691	0.4459676445	4.1997952461
2352.7905716896	0.4454305172	4.1997952461
2353.7906289101	0.4449182153	4.1997952461
2354.7906861305	0.4444226325	4.1997952461
2355.7897434235	0.4438922703	4.1997952461
2356.7898006439	0.4433999658	4.1997952461
2357.7898578644	0.4428673685	4.1997952461
2358.7899150848	0.4423825741	4.1997952461
2359.7899723053	0.4418939352	4.1997952461
2360.7900295258	0.4415189028	4.1997952461
2361.7900867462	0.4410337508	4.1997952461
2362.7901439667	0.4404839277	4.1997952461
2363.7902011871	0.4399768710	4.1997952461
2364.7902584076	0.4395901561	4.1997952461
2365.7903156281	0.4389831126	4.1997952461
2366.7903728485	0.4386544824	4.1997952461
2367.7904295921	0.4380650520	4.1997952461
2368.7904868126	0.4374982417	4.1997952461
2369.7905440331	0.4370943904	4.1997952461
2370.7906012535	0.4365754426	4.1997952461
2371.7906584740	0.4361705184	4.1997952461
2372.7907156944	0.4356013238	4.1997952461
2373.7897729874	0.4352191687	4.1997952461
2374.7898302078	0.4347080886	4.1997952461
2375.7898874283	0.4341683388	4.1997952461
2376.7899446487	0.4337106943	4.1997952461
2377.7900018692	0.4333170950	4.1997952461
2378.7900590897	0.4326941371	4.1997952461
2379.7901163101	0.4323277771	4.1997952461
2380.7901735306	0.4317742884	4.1997952461
2381.7902307510	0.4313150644	4.1997952461
2382.7902879715	0.4309070706	4.1997952461
2383.7903451920	0.4303922951	4.1997952461
2384.7904024124	0.4298917055	4.1997952461
2385.7904596329	0.4294303656	4.1997952461
2386.7905168533	0.4288495183	4.1997952461
2387.7905735970	0.4283851981	4.1997952461
2388.7906308174	0.4278817177	4.1997952461
2389.7906880379	0.4273543358	4.1997952461
2390.7897453308	0.4269472659	4.1997952461
2391.7898025513	0.4266625941	4.1997952461
2392.7898597717	0.4260334969	4.1997952461
2393.7899169922	0.4255726635	4.1997952461
2394.7899742126	0.4251557589	4.1997952461
2395.7900314331	0.4246426821	4.1997952461
2396.7900886536	0.4243431389	4.1997952461
2397.7901458740	0.4238167107	4.1997952461
2398.7902030945	0.4233283997	4.1997952461
2399.7902603149	0.4228598177	4.1997952461
2400.7903175354	0.4223774076	4.1997952461
2401.7903747559	0.4218206108	4.1997952461
2402.7904319763	0.4213002026	4.1997952461
2403.7904891968	0.4209343493	4.1997952461
2404.7905464172	0.4204157293	4.1997952461
2405.7906036377	0.4200729728	4.1997952461
2406.7906603813	0.4195866585	4.1997952461
2407.7907176018	0.4191543758	4.1997952461
2408.7897748947	0.4187321663	4.1997952461
2409.7898321152	0.4181893170	4.1997952461
2410.7898893356	0.4177359343	4.1997952461
2411.7899465561	0.4172807336	4.1997952461
2412.7900037766	0.4167719483	4.1997952461
2413.7900609970	0.4163581729	4.1997952461
2414.7901182175	0.4158924222	4.1997952461
2415.7901754379	0.4154185355	4.1997952461
2416.7902326584	0.4150320888	4.1997952461
2417.7902898788	0.4145073891	4.1997952461
2418.7903470993	0.4141554236	4.1997952461
2419.7904043198	0.4136827290	4.1997952461
2420.7904615402	0.4131929576	4.1997952461
2421.7905187607	0.4128029346	4.1997952461
2422.7905759811	0.4122306108	4.1997952461
2423.7906332016	0.4117894769	4.1997952461
2424.7906904221	0.4112774134	4.1997952461
2425.7897472382	0.4109864235	4.1997952461
2426.7898044586	0.4105804563	4.1997952461
2427.7898612022	0.4101541340	4.1997952461
2428.7899188995	0.4096198380	4.1997952461
2429.7899756432	0.4092330039	4.1997952461
2430.7900333405	0.4087761641	4.1997952461
2431.7900900841	0.4083434641	4.1997952461
2432.7901477814	0.4078978300	4.1997952461
2433.7902045250	0.4074187279	4.1997952461
2434.7902622223	0.4069541097	4.1997952461
2435.7903189659	0.4064537883	4.1997952461
2436.7903766632	0.4062117636	4.1997952461
2437.7904334068	0.4056446850	4.1997952461
2438.7904911041	0.4052354693	4.1997952461
2439.7905478477	0.4048599005	4.1997952461
2440.7906055450	0.4045877159	4.1997952461
2441.7906622887	0.4041361809	4.1997952461
2442.7907199860	0.4036267698	4.1997952461
2443.7897768021	0.4032718241	4.1997952461
2444.7898340225	0.4027545452	4.1997952461
2445.7898912430	0.4023482203	4.1997952461
2446.7899484634	0.4019629657	4.1997952461
2447.7900052071	0.4015745819	4.1997952461
2448.7900629044	0.4010147154	4.1997952461
2449.7901196480	0.4006075859	4.1997952461
2450.7901773453	0.4001821578	4.1997952461
2451.7902340889	0.3996710479	4.1997952461
2452.7902917862	0.3992806673	4.1997952461
2453.7903485298	0.3988724053	4.1997952461
2454.7904062271	0.3983929753	4.1997952461
2455.7904629707	0.3980822861	4.1997952461
2456.7905206680	0.3976960480	4.1997952461
2457.7905774117	0.3971081078	4.1997952461
2458.7906351089	0.3967848420	4.1997952461
2459.7906918526	0.3963105083	4.1997952461
2460.7897491455	0.3960675895	4.1997952461
2461.7898063660	0.3955965936	4.1997952461
2462.7898635864	0.3950973153	4.1997952461
2463.7899208069	0.3948697448	4.1997952461
2464.7899780273	0.3943608105	4.1997952461
2465.7900352478	0.3939830065	4.1997952461
2466.7900919914	0.3935811520	4.1997952461
2467.7901492119	0.3930494487	4.1997952461
2468.7902064323	0.3926161230	4.1997952461
2469.7902636528	0.3922553658	4.1997952461
2470.7903208733	0.3919335902	4.1997952461
2471.7903780937	0.3913489282	4.1997952461
2472.7904353142	0.3909749985	4.1997952461
2473.7904925346	0.3905729949	4.1997952461
2474.7905497551	0.3901534379	4.1997952461
2475.7906069756	0.3898008168	4.1997952461
2476.7906641960	0.3893591166	4.1997952461
2477.7907214165	0.3889854550	4.1997952461
2478.7897787094	0.3886119425	4.1997952461
2479.7898359299	0.3881804943	4.1997952461
2480.7898931503	0.3877666891	4.1997952461
2481.7899503708	0.3872744739	4.1997952461
2482.7900075912	0.3869913816	4.1997952461
2483.7900648117	0.3866698444	4.1997952461
2484.7901220322	0.3862633407	4.1997952461
2485.7901792526	0.3857465088	4.1997952461
2486.7902359962	0.3855410814	4.1997952461
2487.7902932167	0.3849979639	4.1997952461
2488.7903504372	0.3846312165	4.1997952461
2489.7904076576	0.3841544986	4.1997952461
2490.7904648781	0.3838334978	4.1997952461
2491.7905220985	0.3834242821	4.1997952461
2492.7905793190	0.3829487860	4.1997952461
2493.7906365395	0.3826401532	4.1997952461
2494.7906937599	0.3821993470	4.1997952461
2495.7897510529	0.3818339407	4.1997952461
2496.7898082733	0.3814926744	4.1997952461
2497.7898654938	0.3811065853	4.1997952461
2498.7899227142	0.3805795014	4.1997952461
2499.7899799347	0.3803024590	4.1997952461
2500.7900371552	0.3800376058	4.1997952461
2501.7900943756	0.3795593381	4.1997952461
2502.7901515961	0.3790832162	4.1997952461
2503.7902088165	0.3785697222	4.1997952461
2504.7902660370	0.3782275617	4.1997952461
2505.7903227806	0.3781026900	4.1997952461
2506.7903800011	0.3775802553	4.1997952461
2507.7904372215	0.3773125112	4.1997952461
2508.7904944420	0.3769199848	4.1997952461
2509.7905516624	0.3764419258	4.1997952461
2510.7906088829	0.3760537505	4.1997952461
2511.7906661034	0.3757664859	4.1997952461
2512.7907233238	0.3752490878	4.1997952461
2513.7897806168	0.3748248816	4.1997952461
2514.7898378372	0.3745070994	4.1997952461
2515.7898950577	0.3741317987	4.1997952461
2516.7899522781	0.3736690283	4.1997952461
2517.7900094986	0.3734067082	4.1997952461
2518.7900667191	0.3729900718	4.1997952461
2519.7901239395	0.3725841045	4.1997952461
2520.7901811600	0.3722349703	4.1997952461
2521.7902383804	0.3718535006	4.1997952461
2522.7902956009	0.3714485765	4.1997952461
2523.7903528214	0.3709933758	4.1997952461
2524.7904100418	0.3707369566	4.1997952461
2525.7904667854	0.3703910112	4.1997952461
2526.7905240059	0.3699655533	4.1997952461
2527.7905812263	0.3696884215	4.1997952461
2528.7906384468	0.3691816032	4.1997952461
2529.7906956673	0.3688726723	4.1997952461
2530.7897529602	0.3685715497	4.1997952461
2531.7898101807	0.3681459427	4.1997952461
2532.7898674011	0.3677578866	4.1997952461
2533.7899246216	0.3673711419	4.1997952461
2534.7899818420	0.3670441508	4.1997952461
2535.7900390625	0.3665793240	4.1997952461
2536.7900962830	0.3662932515	4.1997952461
2537.7901535034	0.3659150898	4.1997952461
2538.7902107239	0.3655305803	4.1997952461
2539.7902679443	0.3650909960	4.1997952461
2540.7903251648	0.3647684157	4.1997952461
2541.7903823853	0.3644267917	4.1997952461
2542.7904396057	0.3639837205	4.1997952461
2543.7904968262	0.3635934591	4.1997952461
2544.7905540466	0.3633988500	4.1997952461
2545.7906107903	0.3631365895	4.1997952461
2546.7906680107	0.3626208305	4.1997952461
2547.7907252312	0.3622650206	4.1997952461
2548.7897820473	0.3618836105	4.1997952461
2549.7898397446	0.3614479601	4.1997952461
2550.7898964882	0.3612203300	4.1997952461
2551.7899541855	0.3608358502	4.1997952461
2552.7900109291	0.3604208231	4.1997952461
2553.7900686264	0.3600176871	4.1997952461
2554.7901253700	0.3596869409	4.1997952461
2555.7901830673	0.3593124747	4.1997952461
2556.7902398109	0.3589849174	4.1997952461
2557.7902975082	0.3586742878	4.1997952461
2558.7903542519	0.3582987487	4.1997952461
2559.7904119492	0.3579197228	4.1997952461
2560.7904686928	0.3575476706	4.1997952461
2561.7905263901	0.3570493162	4.1997952461
2562.7905831337	0.3568073213	4.1997952461
2563.7906408310	0.3565369248	4.1997952461
2564.7906975746	0.3561083972	4.1997952461
2565.7897548676	0.3557512462	4.1997952461
2566.7898116112	0.3555234075	4.1997952461
2567.7898693085	0.3550644815	4.1997952461
2568.7899260521	0.3546999097	4.1997952461
2569.7899837494	0.3543541431	4.1997952461
2570.7900404930	0.3539372981	4.1997952461
2571.7900981903	0.3537700176	4.1997952461
2572.7901549339	0.3533486724	4.1997952461
2573.7902126312	0.3529565632	4.1997952461
2574.7902693748	0.3526747227	4.1997952461
2575.7903270721	0.3522263765	4.1997952461
2576.7903838158	0.3520076573	4.1997952461
2577.7904415131	0.3517257273	4.1997952461
2578.7904982567	0.3512968123	4.1997952461
2579.7905559540	0.3508661985	4.1997952461
2580.7906126976	0.3506460786	4.1997952461
2581.7906703949	0.3502283394	4.1997952461
2582.7907271385	0.3498757184	4.1997952461
2583.7897844315	0.3495384455	4.1997952461
2584.7898416519	0.3491912186	4.1997952461
2585.7898983955	0.3488503695	4.1997952461
2586.7899556160	0.3485947847	4.1997952461
2587.7900128365	0.3481544256	4.1997952461
2588.7900700569	0.3477554321	4.1997952461
2589.7901272774	0.3475815356	4.1997952461
2590.7901844978	0.3472390473	4.1997952461
2591.7902417183	0.3468907773	4.1997952461
2592.7902989388	0.3464473784	4.1997952461
2593.7903561592	0.3461433947	4.1997952461
2594.7904133797	0.3459664881	4.1997952461
2595.7904706001	0.3455159068	4.1997952461
2596.7905278206	0.3452024758	4.1997952461
2597.7905850410	0.3447201550	4.1997952461
2598.7906422615	0.3445650637	4.1997952461
2599.7906994820	0.3442683220	4.1997952461
2600.7897567749	0.3438754976	4.1997952461
2601.7898139954	0.3434886038	4.1997952461
2602.7898712158	0.3431506753	4.1997952461
2603.7899284363	0.3429459333	4.1997952461
2604.7899851799	0.3426068723	4.1997952461
2605.7900424004	0.3421817124	4.1997952461
2606.7900996208	0.3417371213	4.1997952461
2607.7901568413	0.3414731026	4.1997952461
2608.7902140617	0.3412070572	4.1997952461
2609.7902712822	0.3407488465	4.1997952461
2610.7903285027	0.3405169845	4.1997952461
2611.7903857231	0.3402476013	4.1997952461
2612.7904429436	0.3399719596	4.1997952461
2613.7905001640	0.3394940794	4.1997952461
2614.7905573845	0.3392058015	4.1997952461
2615.7906146049	0.3389348984	4.1997952461
2616.7906718254	0.3386348486	4.1997952461
2617.7907290459	0.3381942213	4.1997952461
2618.7897863388	0.3379196823	4.1997952461
2619.7898435593	0.3375413716	4.1997952461
2620.7899007797	0.3373702168	4.1997952461
2621.7899580002	0.3370190561	4.1997952461
2622.7900152206	0.3366295099	4.1997952461
2623.7900724411	0.3362374306	4.1997952461
2624.7901291847	0.3360055983	4.1997952461
2625.7901864052	0.3356747627	4.1997952461
2626.7902436256	0.3353180885	4.1997952461
2627.7903008461	0.3349623680	4.1997952461
2628.7903580666	0.3346890509	4.1997952461
2629.7904152870	0.3343700469	4.1997952461
2630.7904725075	0.3339280188	4.1997952461
2631.7905297279	0.3336721361	4.1997952461
2632.7905869484	0.3333892524	4.1997952461
2633.7906441689	0.3330944180	4.1997952461
2634.7907013893	0.3327327669	4.1997952461
2635.7897586823	0.3324576020	4.1997952461
2636.7898159027	0.3321094811	4.1997952461
2637.7898731232	0.3317522407	4.1997952461
2638.7899303436	0.3315435052	4.1997952461
2639.7899875641	0.3311342895	4.1997952461
2640.7900447845	0.3308974206	4.1997952461
2641.7901020050	0.3304215372	4.1997952461
2642.7901592255	0.3302108049	4.1997952461
2643.7902164459	0.3298395872	4.1997952461
2644.7902731895	0.3296561539	4.1997952461
2645.7903304100	0.3291977942	4.1997952461
2646.7903876305	0.3289042711	4.1997952461
2647.7904448509	0.3286047578	4.1997952461
2648.7905020714	0.3282780945	4.1997952461
2649.7905592918	0.3280336857	4.1997952461
2650.7906165123	0.3277485371	4.1997952461
2651.7906737328	0.3274760544	4.1997952461
2652.7907309532	0.3272356987	4.1997952461
2653.7897882462	0.3268267512	4.1997952461
2654.7898454666	0.3265440762	4.1997952461
2655.7899026871	0.3260974884	4.1997952461
2656.7899599075	0.3257129490	4.1997952461
2657.7900171280	0.3254995942	4.1997952461
2658.7900743484	0.3251949549	4.1997952461
2659.7901315689	0.3248292208	4.1997952461
2660.7901887894	0.3246075213	4.1997952461
2661.7902460098	0.3243837655	4.1997952461
2662.7903032303	0.3240050972	4.1997952461
2663.7903604507	0.3235852718	4.1997952461
2664.7904171944	0.3233908713	4.1997952461
2665.7904744148	0.3230075538	4.1997952461
2666.7905316353	0.3227766156	4.1997952461
2667.7905888557	0.3224643767	4.1997952461
2668.7906460762	0.3220231831	4.1997952461
2669.7907032967	0.3217727542	4.1997952461
2670.7897605896	0.3214947581	4.1997952461
2671.7898173332	0.3211514354	4.1997952461
2672.7898750305	0.3209964931	4.1997952461
2673.7899317741	0.3205971420	4.1997952461
2674.7899894714	0.3202617168	4.1997952461
2675.7900462151	0.3200248182	4.1997952461
2676.7901039124	0.3198957443	4.1997952461
2677.7901606560	0.3194166124	4.1997952461
2678.7902183533	0.3191576004	4.1997952461
2679.7902750969	0.3188446164	4.1997952461
2680.7903327942	0.3185494244	4.1997952461
2681.7903895378	0.3182706833	4.1997952461
2682.7904472351	0.3179542124	4.1997952461
2683.7905039787	0.3176681995	4.1997952461
2684.7905611992	0.3173491955	4.1997952461
2685.7906184196	0.3171733022	4.1997952461
2686.7906756401	0.3168298602	4.1997952461
2687.7897324562	0.3165286183	4.1997952461
2688.7897901535	0.3162856102	4.1997952461
2689.7898468971	0.3158876896	4.1997952461
2690.7899045944	0.3155514598	4.1997952461
2691.7899613380	0.3151702881	4.1997952461
2692.7900190353	0.3149458170	4.1997952461
2693.7900757790	0.3146763146	4.1997952461
2694.7901334763	0.3143457472	4.1997952461
2695.7901902199	0.3140552342	4.1997952461
2696.7902479172	0.3137526512	4.1997952461
2697.7903046608	0.3134337664	4.1997952461
2698.7903623581	0.3130465746	4.1997952461
2699.7904191017	0.3128035069	4.1997952461
2700.7904767990	0.3125432432	4.1997952461
2701.7905335426	0.3122301400	4.1997952461
2702.7905912399	0.3119986653	4.1997952461
2703.7906479836	0.3117191195	4.1997952461
2704.7907052040	0.3114396334	4.1997952461
2705.7897620201	0.3111531436	4.1997952461
2706.7898192406	0.3108093739	4.1997952461
2707.7898764610	0.3106250465	4.1997952461
2708.7899336815	0.3103431761	4.1997952461
2709.7899909019	0.3099966645	4.1997952461
2710.7900481224	0.3097369671	4.1997952461
2711.7901053429	0.3093414605	4.1997952461
2712.7901625633	0.3091264367	4.1997952461
2713.7902197838	0.3089119494	4.1997952461
2714.7902770042	0.3087018728	4.1997952461
2715.7903342247	0.3082744777	4.1997952461
2716.7903914452	0.3079922795	4.1997952461
2717.7904486656	0.3076229393	4.1997952461
2718.7905058861	0.3073738813	4.1997952461
2719.7905631065	0.3070942163	4.1997952461
2720.7906203270	0.3067529500	4.1997952461
2721.7906775475	0.3064765930	4.1997952461
2722.7897348404	0.3061610162	4.1997952461
2723.7897915840	0.3058974445	4.1997952461
2724.7898488045	0.3056534231	4.1997952461
2725.7899060249	0.3053484559	4.1997952461
2726.7899632454	0.3050046265	4.1997952461
2727.7900204659	0.3048583269	4.1997952461
2728.7900776863	0.3045292497	4.1997952461
2729.7901349068	0.3041491807	4.1997952461
2730.7901921272	0.3039213121	4.1997952461
2731.7902493477	0.3036905229	4.1997952461
2732.7903065681	0.3034215868	4.1997952461
2733.7903637886	0.3030662835	4.1997952461
2734.7904210091	0.3028410971	4.1997952461
2735.7904782295	0.3024291396	4.1997952461
2736.7905354500	0.3022370338	4.1997952461
2737.7905926704	0.3019601405	4.1997952461
2738.7906498909	0.3016197681	4.1997952461
2739.7907071114	0.3012987673	4.1997952461
2740.7897644043	0.3011193573	4.1997952461
2741.7898216248	0.3008682132	4.1997952461
2742.7898788452	0.3005927801	4.1997952461
2743.7899355888	0.3003338575	4.1997952461
2744.7899928093	0.3000496328	4.1997952461
2745.7900500298	0.2996059954	4.1997952461
2746.7901072502	0.2996163666	4.1997952461
2747.7901644707	0.2992447317	4.1997952461
2748.7902216911	0.2988974154	4.1997952461
2749.7902789116	0.2986347377	4.1997952461
2750.7903361320	0.2982783020	4.1997952461
2751.7903933525	0.2981905341	4.1997952461
2752.7904505730	0.2978548408	4.1997952461
2753.7905077934	0.2975829244	4.1997952461
2754.7905650139	0.2974043190	4.1997952461
2755.7906222343	0.2970325649	4.1997952461
2756.7906794548	0.2967622578	4.1997952461
2757.7897367477	0.2964915931	4.1997952461
2758.7897939682	0.2961493134	4.1997952461
2759.7898511887	0.2958789766	4.1997952461
2760.7899084091	0.2956479788	4.1997952461
2761.7899656296	0.2953840196	4.1997952461
2762.7900228500	0.2951297164	4.1997952461
2763.7900795937	0.2949043214	4.1997952461
2764.7901368141	0.2946965992	4.1997952461
2765.7901940346	0.2944029570	4.1997952461
2766.7902512550	0.2941309810	4.1997952461
2767.7903084755	0.2938154042	4.1997952461
2768.7903656960	0.2935951352	4.1997952461
2769.7904229164	0.2933741808	4.1997952461
2770.7904801369	0.2931347489	4.1997952461
2771.7905373573	0.2928129137	4.1997952461
2772.7905945778	0.2924711406	4.1997952461
2773.7906517982	0.2922433913	4.1997952461
2774.7907090187	0.2918874025	4.1997952461
2775.7897663116	0.2916296124	4.1997952461
2776.7898235321	0.2913631499	4.1997952461
2777.7898807526	0.2911923528	4.1997952461
2778.7899379730	0.2908987403	4.1997952461
2779.7899951935	0.2906830311	4.1997952461
2780.7900524139	0.2903847992	4.1997952461
2781.7901096344	0.2900480330	4.1997952461
2782.7901668549	0.2897912264	4.1997952461
2783.7902235985	0.2894795537	4.1997952461
2784.7902808189	0.2893127501	4.1997952461
2785.7903380394	0.2890662551	4.1997952461
2786.7903952599	0.2887874842	4.1997952461
2787.7904524803	0.2885113657	4.1997952461
2788.7905097008	0.2881368101	4.1997952461
2789.7905669212	0.2879775465	4.1997952461
2790.7906241417	0.2877607942	4.1997952461
2791.7906813622	0.2875383496	4.1997952461
2792.7897381783	0.2872321010	4.1997952461
2793.7897958755	0.2870157659	4.1997952461
2794.7898526192	0.2866247892	4.1997952461
2795.7899103165	0.2864376307	4.1997952461
2796.7899670601	0.2861159444	4.1997952461
2797.7900247574	0.2859256864	4.1997952461
2798.7900815010	0.2856300771	4.1997952461
2799.7901391983	0.2852991521	4.1997952461
2800.7901959419	0.2851186097	4.1997952461
2801.7902536392	0.2848084271	4.1997952461
2802.7903103828	0.2846650481	4.1997952461
2803.7903676033	0.2843498886	4.1997952461
2804.7904248238	0.2841257453	4.1997952461
2805.7904820442	0.2839614451	4.1997952461
2806.7905387878	0.2835293114	4.1997952461
2807.7905964851	0.2833134532	4.1997952461
2808.7906532288	0.2831168771	4.1997952461
2809.7907109261	0.2829856277	4.1997952461
2810.7897677422	0.2826380432	4.1997952461
2811.7898254395	0.2823807895	4.1997952461
2812.7898821831	0.2821971774	4.1997952461
2813.7899398804	0.2818413675	4.1997952461
2814.7899966240	0.2815190554	4.1997952461
2815.7900543213	0.2812340260	4.1997952461
2816.7901110649	0.2811401784	4.1997952461
2817.7901687622	0.2808493972	4.1997952461
2818.7902255058	0.2805270255	4.1997952461
2819.7902832031	0.2802847028	4.1997952461
2820.7903399467	0.2800165117	4.1997952461
2821.7903976440	0.2797580361	4.1997952461
2822.7904543877	0.2795612216	4.1997952461
2823.7905116081	0.2792766094	4.1997952461
2824.7905688286	0.2791132629	4.1997952461
2825.7906260490	0.2788337767	4.1997952461
2826.7906827927	0.2786284387	4.1997952461
2827.7897400856	0.2783226967	4.1997952461
2828.7897973061	0.2780206203	4.1997952461
2829.7898545265	0.2778522670	4.1997952461
2830.7899117470	0.2775384486	4.1997952461
2831.7899689674	0.2773776948	4.1997952461
2832.7900261879	0.2769732177	4.1997952461
2833.7900834084	0.2767997086	4.1997952461
2834.7901406288	0.2765236199	4.1997952461
2835.7901978493	0.2762583494	4.1997952461
2836.7902550697	0.2761906087	4.1997952461
2837.7903122902	0.2758294344	4.1997952461
2838.7903695107	0.2757038176	4.1997952461
2839.7904267311	0.2754118741	4.1997952461
2840.7904839516	0.2751000822	4.1997952461
2841.7905411720	0.2748242617	4.1997952461
2842.7905983925	0.2745158672	4.1997952461
2843.7906556129	0.2744651735	4.1997952461
2844.7907128334	0.2742240131	4.1997952461
2845.7897696495	0.2739569843	4.1997952461
2846.7898268700	0.2736309469	4.1997952461
2847.7898840904	0.2734194696	4.1997952461
2848.7899413109	0.2732464075	4.1997952461
2849.7899985313	0.2728543580	4.1997952461
2850.7900557518	0.2727611959	4.1997952461
2851.7901129723	0.2725006342	4.1997952461
2852.7901701927	0.2722710073	4.1997952461
2853.7902274132	0.2719697356	4.1997952461
2854.7902846336	0.2716536820	4.1997952461
2855.7903418541	0.2714903355	4.1997952461
2856.7903990746	0.2713936269	4.1997952461
2857.7904562950	0.2709304690	4.1997952461
2858.7905135155	0.2707852125	4.1997952461
2859.7905707359	0.2706157267	4.1997952461
2860.7906279564	0.2704539895	4.1997952461
2861.7906851768	0.2700407207	4.1997952461
2862.7897419930	0.2698101699	4.1997952461
2863.7897992134	0.2695597708	4.1997952461
2864.7898564339	0.2692950070	4.1997952461
2865.7899136543	0.2691930234	4.1997952461
2866.7899708748	0.2689775527	4.1997952461
2867.7900280952	0.2685546279	4.1997952461
2868.7900853157	0.2684141994	4.1997952461
2869.7901425362	0.2679979205	4.1997952461
2870.7901997566	0.2678160369	4.1997952461
2871.7902569771	0.2676535845	4.1997952461
2872.7903141975	0.2674484849	4.1997952461
2873.7903714180	0.2672292888	4.1997952461
2874.7904286385	0.2669644654	4.1997952461
2875.7904858589	0.2666988671	4.1997952461
2876.7905430794	0.2665025294	4.1997952461
2877.7906002998	0.2662524879	4.1997952461
2878.7906575203	0.2660756707	4.1997952461
2879.7907147408	0.2659547329	4.1997952461
2880.7897720337	0.2657250166	4.1997952461
2881.7898292542	0.2653552592	4.1997952461
2882.7898859978	0.2650211453	4.1997952461
2883.7899432182	0.2647588253	4.1997952461
2884.7900004387	0.2645514905	4.1997952461
2885.7900576591	0.2642574608	4.1997952461
2886.7901148796	0.2640764713	4.1997952461
2887.7901721001	0.2637850940	4.1997952461
2888.7902293205	0.2637156248	4.1997952461
2889.7902865410	0.2635869980	4.1997952461
2890.7903437614	0.2632595599	4.1997952461
2891.7904009819	0.2629314065	4.1997952461
2892.7904582024	0.2628133595	4.1997952461
2893.7905154228	0.2625700831	4.1997952461
2894.7905726433	0.2623327374	4.1997952461
2895.7906298637	0.2619830072	4.1997952461
2896.7906870842	0.2618535757	4.1997952461
2897.7897443771	0.2616546452	4.1997952461
2898.7898015976	0.2614896595	4.1997952461
2899.7898588181	0.2610996366	4.1997952461
2900.7899160385	0.2608504891	4.1997952461
2901.7899727821	0.2606419921	4.1997952461
2902.7900300026	0.2604312301	4.1997952461
2903.7900872231	0.2601838708	4.1997952461
2904.7901444435	0.2599333227	4.1997952461
2905.7902016640	0.2597191036	4.1997952461
2906.7902588844	0.2594309449	4.1997952461
2907.7903161049	0.2592747509	4.1997952461
2908.7903733253	0.2591051161	4.1997952461
2909.7904305458	0.2588500082	4.1997952461
2910.7904877663	0.2586080432	4.1997952461
2911.7905449867	0.2584223449	4.1997952461
2912.7906022072	0.2580851614	4.1997952461
2913.7906594276	0.2579379082	4.1997952461
2914.7907166481	0.2577408254	4.1997952461
2915.7897734642	0.2574645579	4.1997952461
2916.7898311615	0.2571714222	4.1997952461
2917.7898879051	0.2570073903	4.1997952461
2918.7899456024	0.2568566501	4.1997952461
2919.7900023460	0.2566177249	4.1997952461
2920.7900600433	0.2564078569	4.1997952461
2921.7901167870	0.2561747730	4.1997952461
2922.7901740074	0.2559100389	4.1997952461
2923.7902312279	0.2557386458	4.1997952461
2924.7902884483	0.2555618286	4.1997952461
2925.7903451920	0.2552833855	4.1997952461
2926.7904028893	0.2551603615	4.1997952461
2927.7904596329	0.2550072670	4.1997952461
2928.7905173302	0.2546862662	4.1997952461
2929.7905740738	0.2544297874	4.1997952461
2930.7906317711	0.2542327940	4.1997952461
2931.7906885147	0.2540180981	4.1997952461
2932.7897462845	0.2537940741	4.1997952461
2933.7898030281	0.2536244690	4.1997952461
2934.7898607254	0.2533929348	4.1997952461
2935.7899174690	0.2531864345	4.1997952461
2936.7899751663	0.2528688014	4.1997952461
2937.7900319099	0.2526485622	4.1997952461
2938.7900896072	0.2523972392	4.1997952461
2939.7901463509	0.2520783544	4.1997952461
2940.7902040482	0.2520946562	4.1997952461
2941.7902607918	0.2518125772	4.1997952461
2942.7903180122	0.2515366375	4.1997952461
2943.7903752327	0.2513708770	4.1997952461
2944.7904324532	0.2511578202	4.1997952461
2945.7904891968	0.2508822978	4.1997952461
2946.7905468941	0.2507380843	4.1997952461
2947.7906036377	0.2504966855	4.1997952461
2948.7906613350	0.2503201365	4.1997952461
2949.7907180786	0.2501179576	4.1997952461
2950.7897753716	0.2499359995	4.1997952461
2951.7898325920	0.2496467233	4.1997952461
2952.7898898125	0.2494106889	4.1997952461
2953.7899470329	0.2492845654	4.1997952461
2954.7900042534	0.2490971833	4.1997952461
2955.7900614738	0.2488886416	4.1997952461
2956.7901186943	0.2486791909	4.1997952461
2957.7901759148	0.2484509200	4.1997952461
2958.7902331352	0.2482730895	4.1997952461
2959.7902903557	0.2479596436	4.1997952461
2960.7903475761	0.2477426380	4.1997952461
2961.7904047966	0.2475430071	4.1997952461
2962.7904620171	0.2473488301	4.1997952461
2963.7905192375	0.2470517606	4.1997952461
2964.7905759811	0.2469490618	4.1997952461
2965.7906332016	0.2467201054	4.1997952461
2966.7906904221	0.2464244962	4.1997952461
2967.7897477150	0.2464050800	4.1997952461
2968.7898049355	0.2461880445	4.1997952461
2969.7898621559	0.2459015846	4.1997952461
2970.7899193764	0.2456807047	4.1997952461
2971.7899765968	0.2455672324	4.1997952461
2972.7900338173	0.2452472746	4.1997952461
2973.7900910378	0.2451372892	4.1997952461
2974.7901482582	0.2449138910	4.1997952461
2975.7902054787	0.2447632104	4.1997952461
2976.7902626991	0.2445517778	4.1997952461
2977.7903199196	0.2442075014	4.1997952461
2978.7903771400	0.2439819723	4.1997952461
2979.7904343605	0.2438419610	4.1997952461
2980.7904915810	0.2436305135	4.1997952461
2981.7905488014	0.2433972955	4.1997952461
2982.7906060219	0.2432623655	4.1997952461
2983.7906632423	0.2430403233	4.1997952461
2984.7907199860	0.2427594066	4.1997952461
2985.7897772789	0.2424869090	4.1997952461
2986.7898344994	0.2422243059	4.1997952461
2987.7898917198	0.2419563681	4.1997952461
2988.7899489403	0.2418512851	4.1997952461
2989.7900061607	0.2416993231	4.1997952461
2990.7900633812	0.2416381836	4.1997952461
2991.7901206017	0.2411778122	4.1997952461
2992.7901778221	0.2410164922	4.1997952461
2993.7902350426	0.2408397496	4.1997952461
2994.7902922630	0.2406976968	4.1997952461
2995.7903494835	0.2404556274	4.1997952461
2996.7904067039	0.2401574254	4.1997952461
2997.7904639244	0.2400101721	4.1997952461
2998.7905211449	0.2397783995	4.1997952461
2999.7905783653	0.2396092713	4.1997952461
3000.7906355858	0.2394633144	4.1997952461
3001.7906928062	0.2392233461	4.1997952461
3002.7897496223	0.2390384227	4.1997952461
3003.7898068428	0.2388138920	4.1997952461
3004.7898640633	0.2385203391	4.1997952461
3005.7899212837	0.2383742332	4.1997952461
3006.7899785042	0.2382850498	4.1997952461
3007.7900357246	0.2380232066	4.1997952461
3008.7900929451	0.2377207577	4.1997952461
3009.7901501656	0.2376031429	4.1997952461
3010.7902073860	0.2373891324	4.1997952461
3011.7902646065	0.2370028496	4.1997952461
3012.7903218269	0.2368924767	4.1997952461
3013.7903790474	0.2367181629	4.1997952461
3014.7904362679	0.2365057915	4.1997952461
3015.7904934883	0.2362794131	4.1997952461
3016.7905507088	0.2362055033	4.1997952461
3017.7906079292	0.2360096723	4.1997952461
3018.7906651497	0.2358789146	4.1997952461
3019.7907223701	0.2355084270	4.1997952461
3020.7897791862	0.2354228050	4.1997952461
3021.7898364067	0.2352093160	4.1997952461
3022.7898936272	0.2350129187	4.1997952461
3023.7899508476	0.2348188907	4.1997952461
3024.7900080681	0.2345857322	4.1997952461
3025.7900652885	0.2343572527	4.1997952461
3026.7901225090	0.2341542393	4.1997952461
3027.7901797295	0.2339643836	4.1997952461
3028.7902369499	0.2337091863	4.1997952461
3029.7902941704	0.2335294038	4.1997952461
3030.7903513908	0.2333293259	4.1997952461
3031.7904086113	0.2331677377	4.1997952461
3032.7904658318	0.2331228554	4.1997952461
3033.7905230522	0.2328923792	4.1997952461
3034.7905802727	0.2326004803	4.1997952461
3035.7906374931	0.2324123085	4.1997952461
3036.7906947136	0.2323719859	4.1997952461
3037.7897520065	0.2321808189	4.1997952461
3038.7898087502	0.2319743931	4.1997952461
3039.7898664474	0.2317875177	4.1997952461
3040.7899231911	0.2315285057	4.1997952461
3041.7899804115	0.2313669175	4.1997952461
3042.7900376320	0.2310665548	4.1997952461
3043.7900948524	0.2309481651	4.1997952461
3044.7901515961	0.2307633013	4.1997952461
3045.7902092934	0.2306046188	4.1997952461
3046.7902660370	0.2304405272	4.1997952461
3047.7903237343	0.2301354259	4.1997952461
3048.7903804779	0.2299845070	4.1997952461
3049.7904381752	0.2296274155	4.1997952461
3050.7904949188	0.2294337600	4.1997952461
3051.7905526161	0.2293487489	4.1997952461
3052.7906093597	0.2290279567	4.1997952461
3053.7906670570	0.2289857119	4.1997952461
3054.7907238007	0.2288161069	4.1997952461
3055.7897815704	0.2286359221	4.1997952461
3056.7898383141	0.2284104377	4.1997952461
3057.7898960114	0.2281368226	4.1997952461
3058.7899527550	0.2279801816	4.1997952461
3059.7900104523	0.2277949601	4.1997952461
3060.7900671959	0.2275957763	4.1997952461
3061.7901244164	0.2274255902	4.1997952461
3062.7901816368	0.2272370607	4.1997952461
3063.7902388573	0.2270165682	4.1997952461
3064.7902956009	0.2268765271	4.1997952461
3065.7903532982	0.2267833650	4.1997952461
3066.7904100418	0.2264197022	4.1997952461
3067.7904677391	0.2262935936	4.1997952461
3068.7905244827	0.2261247039	4.1997952461
3069.7905821800	0.2258458734	4.1997952461
3070.7906389236	0.2257249802	4.1997952461
3071.7906966209	0.2255534083	4.1997952461
3072.7897534370	0.2254285067	4.1997952461
3073.7898106575	0.2251336575	4.1997952461
3074.7898678780	0.2249601185	4.1997952461
3075.7899250984	0.2246534675	4.1997952461
3076.7899823189	0.2246040851	4.1997952461
3077.7900395393	0.2244077176	4.1997952461
3078.7900967598	0.2242165655	4.1997952461
3079.7901539803	0.2239741683	4.1997952461
3080.7902112007	0.2237744182	4.1997952461
3081.7902684212	0.2235480994	4.1997952461
3082.7903256416	0.2233509421	4.1997952461
3083.7903823853	0.2231687158	4.1997952461
3084.7904396057	0.2229292542	4.1997952461
3085.7904968262	0.2228078991	4.1997952461
3086.7905540466	0.2226809263	4.1997952461
3087.7906112671	0.2224829942	4.1997952461
3088.7906684875	0.2223848403	4.1997952461
3089.7907257080	0.2221641541	4.1997952461
3090.7897830009	0.2219462097	4.1997952461
3091.7898402214	0.2218133062	4.1997952461
3092.7898974419	0.2216249555	4.1997952461
3093.7899546623	0.2215046585	4.1997952461
3094.7900118828	0.2212038338	4.1997952461
3095.7900691032	0.2210337073	4.1997952461
3096.7901263237	0.2209012806	4.1997952461
3097.7901835442	0.2206207365	4.1997952461
3098.7902407646	0.2204578817	4.1997952461
3099.7902979851	0.2202642113	4.1997952461
3100.7903552055	0.2201924622	4.1997952461
3101.7904124260	0.2198813707	4.1997952461
3102.7904696465	0.2197118700	4.1997952461
3103.7905263901	0.2195415944	4.1997952461
3104.7905836105	0.2193475366	4.1997952461
3105.7906408310	0.2191971987	4.1997952461
3106.7906980515	0.2191448212	4.1997952461
3107.7897553444	0.2188648134	4.1997952461
3108.7898125648	0.2185890079	4.1997952461
3109.7898697853	0.2185686827	4.1997952461
3110.7899270058	0.2183919400	4.1997952461
3111.7899842262	0.2181490362	4.1997952461
3112.7900414467	0.2179807276	4.1997952461
3113.7900986671	0.2177866101	4.1997952461
3114.7901558876	0.2175860703	4.1997952461
3115.7902131081	0.2174219489	4.1997952461
3116.7902703285	0.2172874361	4.1997952461
3117.7903275490	0.2170682698	4.1997952461
3118.7903847694	0.2169975042	4.1997952461
3119.7904419899	0.2167269439	4.1997952461
3120.7904992104	0.2166185528	4.1997952461
3121.7905564308	0.2164560407	4.1997952461
3122.7906136513	0.2161976546	4.1997952461
3123.7906703949	0.2160635740	4.1997952461
3124.7907276154	0.2157711834	4.1997952461
3125.7897849083	0.2155626565	4.1997952461
3126.7898421288	0.2154665887	4.1997952461
3127.7898993492	0.2153350562	4.1997952461
3128.7899565697	0.2151104808	4.1997952461
3129.7900137901	0.2149987817	4.1997952461
3130.7900710106	0.2146781385	4.1997952461
3131.7901282310	0.2145943195	4.1997952461
3132.7901854515	0.2144196928	4.1997952461
3133.7902426720	0.2142695636	4.1997952461
3134.7902998924	0.2141362429	4.1997952461
3135.7903571129	0.2139690667	4.1997952461
3136.7904143333	0.2138096839	4.1997952461
3137.7904715538	0.2136252224	4.1997952461
3138.7905287743	0.2134915888	4.1997952461
3139.7905859947	0.2132043093	4.1997952461
3140.7906432152	0.2129437029	4.1997952461
3141.7907004356	0.2129238993	4.1997952461
3142.7897572517	0.2127605826	4.1997952461
3143.7898144722	0.2124770880	4.1997952461
3144.7898716927	0.2122642994	4.1997952461
3145.7899289131	0.2120913118	4.1997952461
3146.7899861336	0.2120054364	4.1997952461
3147.7900433540	0.2118772417	4.1997952461
3148.7901005745	0.2115693241	4.1997952461
3149.7901577950	0.2115804106	4.1997952461
3150.7902150154	0.2113967687	4.1997952461
3151.7902722359	0.2111378312	4.1997952461
3152.7903294563	0.2108845860	4.1997952461
3153.7903866768	0.2107237279	4.1997952461
3154.7904438972	0.2106157392	4.1997952461
3155.7905011177	0.2105218470	4.1997952461
3156.7905583382	0.2103090733	4.1997952461
3157.7906155586	0.2101221979	4.1997952461
3158.7906727791	0.2099559009	4.1997952461
3159.7907299995	0.2098958790	4.1997952461
3160.7897868156	0.2096894085	4.1997952461
3161.7898440361	0.2095180601	4.1997952461
3162.7899012566	0.2093594223	4.1997952461
3163.7899580002	0.2091723979	4.1997952461
3164.7900156975	0.2089744508	4.1997952461
3165.7900724411	0.2089321017	4.1997952461
3166.7901301384	0.2086568624	4.1997952461
3167.7901868820	0.2085744292	4.1997952461
3168.7902445793	0.2082595229	4.1997952461
3169.7903013229	0.2081681639	4.1997952461
3170.7903590202	0.2080515027	4.1997952461
3171.7904157639	0.2079016268	4.1997952461
3172.7904734612	0.2076343745	4.1997952461
3173.7905302048	0.2074330151	4.1997952461
3174.7905879021	0.2073424309	4.1997952461
3175.7906446457	0.2071220726	4.1997952461
3176.7907023430	0.2070290446	4.1997952461
3177.7897591591	0.2068149596	4.1997952461
3178.7898163795	0.2066102475	4.1997952461
3179.7898736000	0.2064566314	4.1997952461
3180.7899308205	0.2063415498	4.1997952461
3181.7899880409	0.2061499953	4.1997952461
3182.7900452614	0.2058838010	4.1997952461
3183.7901020050	0.2057856917	4.1997952461
3184.7901597023	0.2056727856	4.1997952461
3185.7902164459	0.2055665404	4.1997952461
3186.7902741432	0.2052382976	4.1997952461
3187.7903308868	0.2050674260	4.1997952461
3188.7903885841	0.2048977613	4.1997952461
3189.7904453278	0.2048360109	4.1997952461
3190.7905030251	0.2046896219	4.1997952461
3191.7905597687	0.2044743448	4.1997952461
3192.7906174660	0.2041778117	4.1997952461
3193.7906742096	0.2039743960	4.1997952461
3194.7907319069	0.2040368915	4.1997952461
3195.7897887230	0.2037965655	4.1997952461
3196.7898459435	0.2036249340	4.1997952461
3197.7899031639	0.2035153508	4.1997952461
3198.7899603844	0.2032811046	4.1997952461
3199.7900176048	0.2030948699	4.1997952461
3200.7900748253	0.2028947920	4.1997952461
3201.7901320457	0.2027307302	4.1997952461
3202.7901887894	0.2024980187	4.1997952461
3203.7902460098	0.2023880929	4.1997952461
3204.7903032303	0.2022745758	4.1997952461
3205.7903604507	0.2020546347	4.1997952461
3206.7904176712	0.2018545866	4.1997952461
3207.7904748917	0.2017966211	4.1997952461
3208.7905321121	0.2017941177	4.1997952461
3209.7905893326	0.2014582008	4.1997952461
3210.7906465530	0.2013841867	4.1997952461
3211.7907037735	0.2011599541	4.1997952461
3212.7897610664	0.2010863572	4.1997952461
3213.7898182869	0.2009880841	4.1997952461
3214.7898755074	0.2008295059	4.1997952461
3215.7899327278	0.2005566508	4.1997952461
3216.7899899483	0.2003645599	4.1997952461
3217.7900471687	0.2002173811	4.1997952461
3218.7901043892	0.2000385076	4.1997952461
3219.7901616096	0.1998206526	4.1997952461
